sample,trading_day,strategy_id,outcome,pnl_r_raw,pnl_r_effective,scratch,null_pnl_non_scratch,target_price,stop_price,direction
IS,2020-01-02T00:00:00,,win,1.7298,1.7298,0,0,8816.75,8772.5,long
IS,2020-01-03T00:00:00,,win,1.5602,1.5602,0,0,8882.25,8907.75,short
IS,2020-01-06T00:00:00,,loss,-1.0,-1.0,0,0,8743.0,8775.25,short
IS,2020-01-08T00:00:00,,win,1.8747,1.8747,0,0,8800.5,8700.0,long
IS,2020-01-09T00:00:00,,win,1.537,1.537,0,0,8938.25,8962.25,short
IS,2020-01-13T00:00:00,,win,1.7833,1.7833,0,0,9051.25,8995.0,long
IS,2020-01-14T00:00:00,,win,1.6413,1.6413,0,0,9078.25,9110.5,short
IS,2020-01-15T00:00:00,,loss,-1.0,-1.0,0,0,9078.0,9035.25,long
IS,2020-01-16T00:00:00,,loss,-1.0,-1.0,0,0,9052.5,9074.25,short
IS,2020-01-21T00:00:00,,loss,-1.0,-1.0,0,0,9062.75,9170.0,short
IS,2020-01-22T00:00:00,,loss,-1.0,-1.0,0,0,9213.25,9184.75,long
IS,2020-01-23T00:00:00,,loss,-1.0,-1.0,0,0,9234.25,9185.5,long
IS,2020-01-24T00:00:00,,loss,-1.0,-1.0,0,0,9235.25,9269.0,short
IS,2020-01-27T00:00:00,,win,1.626,1.626,0,0,9016.0,9046.75,short
IS,2020-01-28T00:00:00,,win,1.8729,1.8729,0,0,9065.75,8966.75,long
IS,2020-01-29T00:00:00,,loss,-1.0,-1.0,0,0,9195.5,9095.0,long
IS,2020-01-30T00:00:00,,loss,-1.0,-1.0,0,0,9146.75,9092.0,long
IS,2020-01-31T00:00:00,,win,1.8405,1.8405,0,0,9171.0,9249.0,short
IS,2020-02-03T00:00:00,,loss,-1.0,-1.0,0,0,9119.0,9028.25,long
IS,2020-02-04T00:00:00,,win,1.8986,1.8986,0,0,9230.25,9105.0,long
IS,2020-02-05T00:00:00,,loss,-1.0,-1.0,0,0,9295.5,9336.0,short
IS,2020-02-06T00:00:00,,loss,-1.0,-1.0,0,0,9514.0,9383.5,long
IS,2020-02-07T00:00:00,,loss,-1.0,-1.0,0,0,9484.5,9423.75,long
IS,2020-02-10T00:00:00,,win,1.8375,1.8375,0,0,9440.5,9364.0,long
IS,2020-02-11T00:00:00,,loss,-1.0,-1.0,0,0,9609.5,9541.25,long
IS,2020-02-12T00:00:00,,loss,-1.0,-1.0,0,0,9510.0,9544.5,short
IS,2020-02-13T00:00:00,,win,1.7833,1.7833,0,0,9542.75,9599.0,short
IS,2020-02-14T00:00:00,,win,1.7417,1.7417,0,0,9656.75,9610.25,long
IS,2020-02-17T00:00:00,,scratch,-0.1143,-0.1143,1,0,9693.25,9652.75,long
IS,2020-02-18T00:00:00,,win,1.7778,1.7778,0,0,9541.5,9596.25,short
IS,2020-02-19T00:00:00,,win,1.7455,1.7455,0,0,9694.75,9647.5,long
IS,2020-02-20T00:00:00,,win,1.4665,1.4665,0,0,9740.25,9760.5,short
IS,2020-02-21T00:00:00,,win,1.8245,1.8245,0,0,9539.75,9610.25,short
IS,2020-02-24T00:00:00,,loss,-1.0,-1.0,0,0,9348.0,9292.5,long
IS,2020-02-25T00:00:00,,loss,-1.0,-1.0,0,0,9305.75,9164.0,long
IS,2020-02-26T00:00:00,,loss,-1.0,-1.0,0,0,8995.5,8841.0,long
IS,2020-02-27T00:00:00,,loss,-1.0,-1.0,0,0,8646.75,8826.0,short
IS,2020-02-28T00:00:00,,loss,-1.0,-1.0,0,0,8552.25,8364.75,long
IS,2020-03-02T00:00:00,,win,1.9442,1.9442,0,0,8579.25,8348.25,long
IS,2020-03-03T00:00:00,,loss,-1.0,-1.0,0,0,8713.25,8888.75,short
IS,2020-03-04T00:00:00,,loss,-1.0,-1.0,0,0,8590.0,8672.5,short
IS,2020-03-05T00:00:00,,loss,-1.0,-1.0,0,0,8760.0,8874.75,short
IS,2020-03-06T00:00:00,,win,1.9047,1.9047,0,0,8550.0,8683.5,short
IS,2020-03-09T00:00:00,,win,1.8807,1.8807,0,0,8046.25,8152.0,short
IS,2020-03-10T00:00:00,,loss,-1.0,-1.0,0,0,8044.75,8200.75,short
IS,2020-03-11T00:00:00,,loss,-1.0,-1.0,0,0,7989.25,8225.5,short
IS,2020-03-12T00:00:00,,win,1.9812,1.9812,0,0,7302.75,7998.0,short
IS,2020-03-13T00:00:00,,loss,-1.0,-1.0,0,0,6717.25,7138.75,short
IS,2020-03-17T00:00:00,,loss,-1.0,-1.0,0,0,7170.75,7277.25,short
IS,2020-03-18T00:00:00,,win,1.926,1.926,0,0,7263.25,7090.0,long
IS,2020-03-19T00:00:00,,win,1.965,1.965,0,0,6960.0,7331.25,short
IS,2020-03-20T00:00:00,,loss,-1.0,-1.0,0,0,6962.25,7344.75,short
IS,2020-03-23T00:00:00,,win,1.8574,1.8574,0,0,6738.75,6651.0,long
IS,2020-03-24T00:00:00,,win,1.9575,1.9575,0,0,7402.25,7097.75,long
IS,2020-03-25T00:00:00,,loss,-1.0,-1.0,0,0,7639.25,7445.75,long
IS,2020-03-26T00:00:00,,loss,-1.0,-1.0,0,0,7155.0,7485.75,short
IS,2020-03-27T00:00:00,,loss,-1.0,-1.0,0,0,7615.75,7804.0,short
IS,2020-03-30T00:00:00,,win,1.8986,1.8986,0,0,7581.5,7456.25,long
IS,2020-03-31T00:00:00,,loss,-1.0,-1.0,0,0,7731.75,7937.25,short
IS,2020-04-01T00:00:00,,win,1.895,1.895,0,0,7619.5,7740.25,short
IS,2020-04-02T00:00:00,,win,1.8992,1.8992,0,0,7585.0,7459.0,long
IS,2020-04-03T00:00:00,,loss,-1.0,-1.0,0,0,7665.25,7558.0,long
IS,2020-04-06T00:00:00,,loss,-1.0,-1.0,0,0,7717.25,7805.0,short
IS,2020-04-07T00:00:00,,win,1.8661,1.8661,0,0,7959.5,8053.25,short
IS,2020-04-08T00:00:00,,win,1.9492,1.9492,0,0,8217.25,7963.0,long
IS,2020-04-09T00:00:00,,win,1.8538,1.8538,0,0,8136.75,8222.25,short
IS,2020-04-13T00:00:00,,win,1.8911,1.8911,0,0,8201.5,8085.25,long
IS,2020-04-14T00:00:00,,win,1.8773,1.8773,0,0,8442.25,8339.5,long
IS,2020-04-15T00:00:00,,loss,-1.0,-1.0,0,0,8599.25,8669.0,short
IS,2020-04-16T00:00:00,,loss,-1.0,-1.0,0,0,8592.5,8525.0,long
IS,2020-04-17T00:00:00,,loss,-1.0,-1.0,0,0,8994.25,8904.25,long
IS,2020-04-20T00:00:00,,loss,-1.0,-1.0,0,0,8696.75,8823.5,short
IS,2020-04-21T00:00:00,,win,1.8574,1.8574,0,0,8675.25,8763.0,short
IS,2020-04-22T00:00:00,,loss,-1.0,-1.0,0,0,8563.25,8427.5,long
IS,2020-04-23T00:00:00,,loss,-1.0,-1.0,0,0,8531.0,8652.5,short
IS,2020-04-24T00:00:00,,loss,-1.0,-1.0,0,0,8425.25,8540.75,short
IS,2020-04-27T00:00:00,,win,1.7959,1.7959,0,0,8829.25,8769.25,long
IS,2020-04-28T00:00:00,,loss,-1.0,-1.0,0,0,8733.25,8839.0,short
IS,2020-04-29T00:00:00,,loss,-1.0,-1.0,0,0,8936.25,8787.0,long
IS,2020-04-30T00:00:00,,loss,-1.0,-1.0,0,0,9115.0,9056.5,long
IS,2020-05-01T00:00:00,,win,1.8329,1.8329,0,0,8787.25,8861.5,short
IS,2020-05-04T00:00:00,,win,1.9141,1.9141,0,0,8721.5,8573.0,long
IS,2020-05-05T00:00:00,,loss,-1.0,-1.0,0,0,8895.0,8838.0,long
IS,2020-05-06T00:00:00,,win,1.8028,1.8028,0,0,8940.0,8877.75,long
IS,2020-05-07T00:00:00,,loss,-1.0,-1.0,0,0,8926.0,9004.0,short
IS,2020-05-08T00:00:00,,win,1.7212,1.7212,0,0,9218.0,9175.25,long
IS,2020-05-11T00:00:00,,loss,-1.0,-1.0,0,0,9308.75,9253.25,long
IS,2020-05-12T00:00:00,,loss,-1.0,-1.0,0,0,9324.75,9239.25,long
IS,2020-05-13T00:00:00,,loss,-1.0,-1.0,0,0,8982.25,9055.0,short
IS,2020-05-14T00:00:00,,loss,-1.0,-1.0,0,0,8939.5,9016.75,short
IS,2020-05-15T00:00:00,,loss,-1.0,-1.0,0,0,9014.5,9097.0,short
IS,2020-05-18T00:00:00,,win,1.8562,1.8562,0,0,9248.75,9161.75,long
IS,2020-05-19T00:00:00,,loss,-1.0,-1.0,0,0,9272.25,9338.25,short
IS,2020-05-20T00:00:00,,loss,-1.0,-1.0,0,0,9379.0,9322.75,long
IS,2020-05-21T00:00:00,,win,1.7298,1.7298,0,0,9433.0,9477.25,short
IS,2020-05-22T00:00:00,,win,1.8869,1.8869,0,0,9283.5,9395.25,short
IS,2020-05-25T00:00:00,,win,1.8597,1.8597,0,0,9506.75,9417.5,long
IS,2020-05-26T00:00:00,,loss,-1.0,-1.0,0,0,9609.0,9520.5,long
IS,2020-05-27T00:00:00,,loss,-1.0,-1.0,0,0,9545.75,9407.75,long
IS,2020-05-28T00:00:00,,loss,-1.0,-1.0,0,0,9512.75,9443.75,long
IS,2020-05-29T00:00:00,,win,1.8782,1.8782,0,0,9484.75,9381.25,long
IS,2020-06-01T00:00:00,,loss,-1.0,-1.0,0,0,9624.5,9525.5,long
IS,2020-06-02T00:00:00,,loss,-1.0,-1.0,0,0,9551.0,9588.5,short
IS,2020-06-03T00:00:00,,loss,-1.0,-1.0,0,0,9643.25,9692.0,short
IS,2020-06-04T00:00:00,,win,1.7022,1.7022,0,0,9651.25,9691.0,short
IS,2020-06-05T00:00:00,,win,1.8172,1.8172,0,0,9689.75,9622.25,long
IS,2020-06-08T00:00:00,,win,1.8209,1.8209,0,0,9787.75,9856.75,short
IS,2020-06-09T00:00:00,,loss,-1.0,-1.0,0,0,9915.25,9859.0,long
IS,2020-06-10T00:00:00,,loss,-1.0,-1.0,0,0,10039.5,9987.0,long
IS,2020-06-11T00:00:00,,win,1.8329,1.8329,0,0,10021.75,10096.0,short
IS,2020-06-12T00:00:00,,win,1.9341,1.9341,0,0,9798.5,9603.5,long
IS,2020-06-15T00:00:00,,loss,-1.0,-1.0,0,0,9627.25,9528.25,long
IS,2020-06-16T00:00:00,,win,1.855,1.855,0,0,9937.25,9851.0,long
IS,2020-06-17T00:00:00,,loss,-1.0,-1.0,0,0,9845.75,9983.0,short
IS,2020-06-18T00:00:00,,loss,-1.0,-1.0,0,0,9806.0,9948.5,short
IS,2020-06-19T00:00:00,,win,1.8092,1.8092,0,0,10046.5,9982.0,long
IS,2020-06-22T00:00:00,,win,1.9077,1.9077,0,0,10055.0,9917.0,long
IS,2020-06-24T00:00:00,,loss,-1.0,-1.0,0,0,10261.25,10203.5,long
IS,2020-06-25T00:00:00,,loss,-1.0,-1.0,0,0,9885.75,10032.0,short
IS,2020-06-26T00:00:00,,loss,-1.0,-1.0,0,0,10064.75,10109.75,short
IS,2020-06-29T00:00:00,,loss,-1.0,-1.0,0,0,9943.75,9839.5,long
IS,2020-06-30T00:00:00,,loss,-1.0,-1.0,0,0,10076.75,9988.25,long
IS,2020-07-01T00:00:00,,loss,-1.0,-1.0,0,0,10184.0,10128.5,long
IS,2020-07-02T00:00:00,,win,1.7959,1.7959,0,0,10314.0,10254.0,long
IS,2025-03-28T00:00:00,,loss,-1.0,-1.0,0,0,19941.0,19992.0,short
IS,2025-03-31T00:00:00,,loss,-1.0,-1.0,0,0,19087.0,19272.25,short
IS,2025-04-01T00:00:00,,win,1.9224,1.9224,0,0,19448.75,19283.75,long
IS,2025-04-02T00:00:00,,loss,-1.0,-1.0,0,0,19645.75,19561.0,long
IS,2025-04-03T00:00:00,,loss,-1.0,-1.0,0,0,19256.25,18994.5,long
IS,2025-04-04T00:00:00,,win,1.9004,1.9004,0,0,18573.0,18700.5,short
IS,2025-04-07T00:00:00,,loss,-1.0,-1.0,0,0,17409.25,16729.75,long
IS,2025-04-08T00:00:00,,win,1.9593,1.9593,0,0,17981.25,17662.5,long
IS,2025-04-09T00:00:00,,loss,-1.0,-1.0,0,0,17256.0,16848.75,long
IS,2025-04-10T00:00:00,,win,1.9725,1.9725,0,0,18804.75,19278.75,short
IS,2025-04-11T00:00:00,,win,1.9725,1.9725,0,0,18633.0,18159.0,long
IS,2025-04-14T00:00:00,,loss,-1.0,-1.0,0,0,18870.25,19027.75,short
IS,2025-04-15T00:00:00,,loss,-1.0,-1.0,0,0,18816.5,18950.0,short
IS,2025-04-16T00:00:00,,loss,-1.0,-1.0,0,0,18797.25,18670.5,long
IS,2025-04-17T00:00:00,,loss,-1.0,-1.0,0,0,18412.25,18489.5,short
IS,2025-04-21T00:00:00,,loss,-1.0,-1.0,0,0,18416.75,18257.0,long
IS,2025-04-22T00:00:00,,loss,-1.0,-1.0,0,0,18190.5,17988.0,long
IS,2025-04-23T00:00:00,,loss,-1.0,-1.0,0,0,18609.5,18725.0,short
IS,2025-04-24T00:00:00,,win,1.9231,1.9231,0,0,18683.5,18850.0,short
IS,2025-04-25T00:00:00,,loss,-1.0,-1.0,0,0,19281.75,19467.0,short
IS,2025-04-28T00:00:00,,loss,-1.0,-1.0,0,0,19350.25,19432.0,short
IS,2025-04-29T00:00:00,,win,1.8209,1.8209,0,0,19613.0,19544.0,long
IS,2025-04-30T00:00:00,,win,1.7859,1.7859,0,0,19487.5,19544.5,short
IS,2025-05-01T00:00:00,,loss,-1.0,-1.0,0,0,19827.25,19951.75,short
IS,2025-05-02T00:00:00,,loss,-1.0,-1.0,0,0,19778.0,19982.0,short
IS,2025-05-05T00:00:00,,win,1.8986,1.8986,0,0,19978.25,20103.5,short
IS,2025-05-06T00:00:00,,win,1.8461,1.8461,0,0,19923.0,20004.0,short
IS,2025-05-07T00:00:00,,win,1.926,1.926,0,0,19933.75,20107.0,short
IS,2025-05-08T00:00:00,,loss,-1.0,-1.0,0,0,20345.75,20012.75,long
IS,2025-05-09T00:00:00,,win,1.8944,1.8944,0,0,20231.75,20111.75,long
IS,2025-05-12T00:00:00,,win,1.9281,1.9281,0,0,20667.25,20488.75,long
IS,2025-05-13T00:00:00,,loss,-1.0,-1.0,0,0,20798.75,20896.25,short
IS,2025-05-14T00:00:00,,win,1.8474,1.8474,0,0,21327.75,21246.0,long
IS,2025-05-15T00:00:00,,loss,-1.0,-1.0,0,0,21309.0,21397.5,short
IS,2025-05-16T00:00:00,,win,1.8092,1.8092,0,0,21413.25,21348.75,long
IS,2025-05-19T00:00:00,,win,1.8691,1.8691,0,0,21211.5,21307.5,short
IS,2025-05-20T00:00:00,,win,1.9248,1.9248,0,0,21343.75,21514.0,short
IS,2025-05-21T00:00:00,,win,1.8956,1.8956,0,0,21313.75,21435.25,short
IS,2025-05-22T00:00:00,,loss,-1.0,-1.0,0,0,21113.25,21208.5,short
IS,2025-05-23T00:00:00,,loss,-1.0,-1.0,0,0,21072.25,21201.25,short
IS,2025-05-26T00:00:00,,win,1.8931,1.8931,0,0,21285.5,21167.0,long
IS,2025-05-27T00:00:00,,loss,-1.0,-1.0,0,0,21071.0,21240.5,short
IS,2025-05-28T00:00:00,,win,1.7595,1.7595,0,0,21433.75,21484.0,short
IS,2025-05-30T00:00:00,,loss,-1.0,-1.0,0,0,21509.75,21268.25,long
IS,2025-06-02T00:00:00,,win,1.8375,1.8375,0,0,21236.75,21313.25,short
IS,2025-06-03T00:00:00,,win,1.8329,1.8329,0,0,21427.0,21501.25,short
IS,2025-06-04T00:00:00,,win,1.7167,1.7167,0,0,21668.75,21710.75,short
IS,2025-06-05T00:00:00,,loss,-1.0,-1.0,0,0,21793.25,21731.75,long
IS,2025-06-06T00:00:00,,win,1.8071,1.8071,0,0,21626.75,21563.0,long
IS,2025-06-09T00:00:00,,loss,-1.0,-1.0,0,0,21704.75,21752.0,short
IS,2025-06-10T00:00:00,,loss,-1.0,-1.0,0,0,22112.0,21863.0,long
IS,2025-06-11T00:00:00,,loss,-1.0,-1.0,0,0,21813.75,21924.75,short
IS,2025-06-12T00:00:00,,loss,-1.0,-1.0,0,0,21678.25,21814.0,short
IS,2025-06-13T00:00:00,,loss,-1.0,-1.0,0,0,21734.25,21489.0,long
IS,2025-06-16T00:00:00,,win,1.8807,1.8807,0,0,21988.5,21882.75,long
IS,2025-06-17T00:00:00,,loss,-1.0,-1.0,0,0,21926.75,22102.25,short
IS,2025-06-18T00:00:00,,loss,-1.0,-1.0,0,0,21884.25,22011.0,short
IS,2025-06-19T00:00:00,,loss,-1.0,-1.0,0,0,22102.75,21790.0,long
IS,2025-06-20T00:00:00,,win,1.9136,1.9136,0,0,21994.25,21846.5,long
IS,2025-06-23T00:00:00,,win,1.8883,1.8883,0,0,21827.75,21714.5,long
IS,2025-06-24T00:00:00,,win,1.8917,1.8917,0,0,22331.0,22214.0,long
IS,2025-06-25T00:00:00,,loss,-1.0,-1.0,0,0,22335.5,22424.75,short
IS,2025-06-26T00:00:00,,loss,-1.0,-1.0,0,0,22432.25,22479.5,short
IS,2025-06-27T00:00:00,,win,1.712,1.712,0,0,22703.5,22662.25,long
IS,2025-06-30T00:00:00,,loss,-1.0,-1.0,0,0,22874.0,22815.5,long
IS,2025-07-01T00:00:00,,loss,-1.0,-1.0,0,0,22956.5,22885.25,long
IS,2025-07-02T00:00:00,,win,1.7212,1.7212,0,0,22675.75,22718.5,short
IS,2025-07-03T00:00:00,,loss,-1.0,-1.0,0,0,22784.5,22871.5,short
IS,2025-07-04T00:00:00,,win,1.8375,1.8375,0,0,22973.25,23049.75,short
IS,2025-07-07T00:00:00,,loss,-1.0,-1.0,0,0,23084.0,22914.5,long
IS,2025-07-08T00:00:00,,loss,-1.0,-1.0,0,0,22850.0,22922.0,short
IS,2025-07-09T00:00:00,,loss,-1.0,-1.0,0,0,22833.25,22891.0,short
IS,2025-07-10T00:00:00,,loss,-1.0,-1.0,0,0,23040.75,22997.25,long
IS,2025-07-11T00:00:00,,loss,-1.0,-1.0,0,0,23075.25,22866.0,long
IS,2025-07-14T00:00:00,,loss,-1.0,-1.0,0,0,22900.5,22841.25,long
IS,2025-07-15T00:00:00,,win,1.6554,1.6554,0,0,23030.0,22996.25,long
IS,2025-07-16T00:00:00,,loss,-1.0,-1.0,0,0,23099.75,22997.0,long
IS,2025-07-17T00:00:00,,win,1.6093,1.6093,0,0,23029.5,23058.75,short
IS,2025-07-18T00:00:00,,win,1.6971,1.6971,0,0,23298.25,23259.25,long
IS,2025-07-21T00:00:00,,loss,-1.0,-1.0,0,0,23196.25,23278.0,short
IS,2025-07-22T00:00:00,,loss,-1.0,-1.0,0,0,23390.75,23334.5,long
IS,2025-07-23T00:00:00,,loss,-1.0,-1.0,0,0,23338.25,23195.75,long
IS,2025-07-24T00:00:00,,win,1.8729,1.8729,0,0,23323.5,23422.5,short
IS,2025-07-25T00:00:00,,loss,-1.0,-1.0,0,0,23444.25,23409.75,long
IS,2025-07-28T00:00:00,,win,1.7167,1.7167,0,0,23572.5,23530.5,long
IS,2025-07-29T00:00:00,,loss,-1.0,-1.0,0,0,23499.0,23545.5,short
IS,2025-07-30T00:00:00,,loss,-1.0,-1.0,0,0,23437.5,23490.0,short
IS,2025-07-31T00:00:00,,win,1.8113,1.8113,0,0,23811.25,23746.0,long
IS,2025-08-01T00:00:00,,loss,-1.0,-1.0,0,0,23416.25,23272.25,long
IS,2025-08-04T00:00:00,,win,1.8738,1.8738,0,0,23032.0,22932.25,long
IS,2025-08-05T00:00:00,,loss,-1.0,-1.0,0,0,23266.0,23372.5,short
IS,2025-08-06T00:00:00,,win,1.7935,1.7935,0,0,23123.75,23064.5,long
IS,2025-08-07T00:00:00,,loss,-1.0,-1.0,0,0,23533.0,23481.25,long
IS,2025-08-08T00:00:00,,loss,-1.0,-1.0,0,0,23627.25,23554.5,long
IS,2025-08-11T00:00:00,,loss,-1.0,-1.0,0,0,23777.0,23726.75,long
IS,2025-08-12T00:00:00,,loss,-1.0,-1.0,0,0,23681.0,23632.25,long
IS,2025-08-13T00:00:00,,loss,-1.0,-1.0,0,0,23901.0,23948.25,short
IS,2025-08-14T00:00:00,,loss,-1.0,-1.0,0,0,23891.75,23936.0,short
IS,2025-08-15T00:00:00,,win,1.6554,1.6554,0,0,23923.5,23889.75,long
IS,2025-08-18T00:00:00,,loss,-1.0,-1.0,0,0,23913.0,23855.25,long
IS,2025-08-19T00:00:00,,win,1.7339,1.7339,0,0,23747.25,23792.25,short
IS,2025-08-20T00:00:00,,loss,-1.0,-1.0,0,0,23282.75,23431.25,short
IS,2025-08-21T00:00:00,,win,1.8651,1.8651,0,0,23360.5,23267.5,long
IS,2025-08-22T00:00:00,,loss,-1.0,-1.0,0,0,23280.5,23192.75,long
IS,2025-08-25T00:00:00,,loss,-1.0,-1.0,0,0,23504.5,23558.5,short
IS,2025-08-26T00:00:00,,win,1.9091,1.9091,0,0,23550.25,23410.0,long
IS,2025-08-27T00:00:00,,loss,-1.0,-1.0,0,0,23637.0,23598.0,long
IS,2025-08-28T00:00:00,,win,1.7595,1.7595,0,0,23567.75,23517.5,long
IS,2025-08-29T00:00:00,,win,1.8028,1.8028,0,0,23689.25,23751.5,short
IS,2025-09-01T00:00:00,,win,1.6746,1.6746,0,0,23504.5,23540.5,short
IS,2025-09-02T00:00:00,,win,1.8153,1.8153,0,0,23417.75,23484.5,short
IS,2025-09-03T00:00:00,,loss,-1.0,-1.0,0,0,23275.5,23335.5,short
IS,2025-09-04T00:00:00,,loss,-1.0,-1.0,0,0,23449.75,23509.75,short
IS,2025-09-05T00:00:00,,loss,-1.0,-1.0,0,0,23702.0,23739.5,short
IS,2025-09-08T00:00:00,,loss,-1.0,-1.0,0,0,23801.5,23757.25,long
IS,2025-09-09T00:00:00,,win,1.8092,1.8092,0,0,23855.25,23790.75,long
IS,2025-09-10T00:00:00,,win,1.8113,1.8113,0,0,23942.75,23877.5,long
IS,2025-09-11T00:00:00,,loss,-1.0,-1.0,0,0,23943.0,23898.75,long
IS,2025-09-12T00:00:00,,loss,-1.0,-1.0,0,0,23976.0,24017.25,short
IS,2025-09-15T00:00:00,,win,1.571,1.571,0,0,24131.5,24105.25,long
IS,2025-09-16T00:00:00,,win,1.7339,1.7339,0,0,24586.5,24541.5,long
IS,2025-09-17T00:00:00,,win,1.6805,1.6805,0,0,24510.5,24547.25,short
IS,2025-09-18T00:00:00,,win,1.8765,1.8765,0,0,24662.5,24560.5,long
IS,2025-09-19T00:00:00,,loss,-1.0,-1.0,0,0,24745.75,24701.5,long
IS,2025-09-22T00:00:00,,loss,-1.0,-1.0,0,0,24900.5,24828.5,long
IS,2025-09-23T00:00:00,,loss,-1.0,-1.0,0,0,25043.25,24985.5,long
IS,2025-09-24T00:00:00,,win,1.8153,1.8153,0,0,24884.0,24817.25,long
IS,2025-09-25T00:00:00,,loss,-1.0,-1.0,0,0,24795.75,24772.5,long
IS,2025-09-26T00:00:00,,loss,-1.0,-1.0,0,0,24536.25,24625.5,short
IS,2025-09-29T00:00:00,,win,1.8028,1.8028,0,0,24836.75,24774.5,long
IS,2025-09-30T00:00:00,,loss,-1.0,-1.0,0,0,24779.0,24837.5,short
IS,2025-10-01T00:00:00,,loss,-1.0,-1.0,0,0,24860.0,24783.5,long
IS,2025-10-02T00:00:00,,loss,-1.0,-1.0,0,0,25120.75,25046.5,long
IS,2025-10-03T00:00:00,,win,1.6684,1.6684,0,0,25172.75,25137.5,long
IS,2025-10-06T00:00:00,,win,1.6413,1.6413,0,0,25088.0,25055.75,long
IS,2025-10-07T00:00:00,,win,1.7379,1.7379,0,0,25172.5,25126.75,long
IS,2025-10-08T00:00:00,,loss,-1.0,-1.0,0,0,25134.75,25059.0,long
IS,2025-10-09T00:00:00,,win,1.9009,1.9009,0,0,25241.5,25369.75,short
IS,2025-10-10T00:00:00,,loss,-1.0,-1.0,0,0,25384.0,25333.0,long
IS,2025-10-13T00:00:00,,loss,-1.0,-1.0,0,0,24902.5,24821.5,long
IS,2025-10-14T00:00:00,,loss,-1.0,-1.0,0,0,25089.0,24967.5,long
IS,2025-10-15T00:00:00,,win,1.9181,1.9181,0,0,24919.25,24763.25,long
IS,2025-10-16T00:00:00,,loss,-1.0,-1.0,0,0,25020.75,24905.25,long
IS,2025-10-17T00:00:00,,win,1.9273,1.9273,0,0,24659.5,24835.75,short
IS,2025-10-20T00:00:00,,loss,-1.0,-1.0,0,0,24971.0,25076.75,short
IS,2025-10-21T00:00:00,,loss,-1.0,-1.0,0,0,25293.0,25358.25,short
IS,2025-10-22T00:00:00,,win,1.871,1.871,0,0,25313.5,25216.0,long
IS,2025-10-23T00:00:00,,loss,-1.0,-1.0,0,0,25151.75,25046.0,long
IS,2025-10-24T00:00:00,,loss,-1.0,-1.0,0,0,25255.75,25321.0,short
IS,2025-10-27T00:00:00,,win,1.772,1.772,0,0,25764.25,25711.0,long
IS,2025-10-28T00:00:00,,loss,-1.0,-1.0,0,0,26012.25,25961.25,long
IS,2025-10-29T00:00:00,,win,1.8461,1.8461,0,0,26253.75,26172.75,long
IS,2025-10-30T00:00:00,,loss,-1.0,-1.0,0,0,26407.0,26260.0,long
IS,2025-10-31T00:00:00,,loss,-1.0,-1.0,0,0,26267.0,26169.5,long
IS,2025-11-03T00:00:00,,win,1.8153,1.8153,0,0,26056.25,26123.0,short
IS,2025-11-04T00:00:00,,win,1.8904,1.8904,0,0,25915.25,26030.75,short
IS,2025-11-05T00:00:00,,loss,-1.0,-1.0,0,0,25127.0,25411.25,short
IS,2025-11-06T00:00:00,,loss,-1.0,-1.0,0,0,25860.5,25616.75,long
IS,2025-11-07T00:00:00,,loss,-1.0,-1.0,0,0,25067.0,25334.0,short
IS,2025-11-10T00:00:00,,win,1.9445,1.9445,0,0,25559.0,25326.5,long
IS,2025-11-11T00:00:00,,win,1.8738,1.8738,0,0,25668.25,25768.0,short
IS,2025-11-12T00:00:00,,win,1.9004,1.9004,0,0,25805.75,25678.25,long
IS,2025-11-14T00:00:00,,loss,-1.0,-1.0,0,0,25232.0,25103.0,long
IS,2025-11-17T00:00:00,,loss,-1.0,-1.0,0,0,25106.25,25256.25,short
IS,2025-11-18T00:00:00,,win,1.9592,1.9592,0,0,24638.75,24956.75,short
IS,2025-11-19T00:00:00,,loss,-1.0,-1.0,0,0,24860.25,24510.75,long
IS,2025-11-20T00:00:00,,loss,-1.0,-1.0,0,0,25254.75,25102.5,long
IS,2025-11-21T00:00:00,,loss,-1.0,-1.0,0,0,24026.0,24234.5,short
IS,2025-11-24T00:00:00,,loss,-1.0,-1.0,0,0,24620.75,24414.5,long
IS,2025-11-25T00:00:00,,win,1.8671,1.8671,0,0,24868.0,24962.5,short
IS,2025-11-26T00:00:00,,win,1.9077,1.9077,0,0,25250.0,25112.0,long
IS,2025-11-27T00:00:00,,scratch,0.0475,0.0475,1,0,25230.5,25339.25,short
IS,2025-12-01T00:00:00,,loss,-1.0,-1.0,0,0,25455.5,25265.75,long
IS,2025-12-02T00:00:00,,loss,-1.0,-1.0,0,0,25307.0,25445.75,short
IS,2025-12-03T00:00:00,,loss,-1.0,-1.0,0,0,25679.25,25624.5,long
IS,2025-12-04T00:00:00,,loss,-1.0,-1.0,0,0,25558.75,25663.0,short
IS,2025-12-05T00:00:00,,win,1.7935,1.7935,0,0,25712.25,25653.0,long
IS,2025-12-08T00:00:00,,win,1.8153,1.8153,0,0,25809.75,25743.0,long
IS,2025-12-09T00:00:00,,win,1.8447,1.8447,0,0,25649.25,25729.5,short
IS,2025-12-10T00:00:00,,win,1.8296,1.8296,0,0,25712.75,25640.0,long
IS,2025-12-11T00:00:00,,win,1.8405,1.8405,0,0,25605.5,25683.5,short
IS,2025-12-12T00:00:00,,loss,-1.0,-1.0,0,0,25746.0,25646.25,long
IS,2025-12-15T00:00:00,,win,1.7959,1.7959,0,0,25281.0,25221.0,long
IS,2025-12-16T00:00:00,,win,1.871,1.871,0,0,25165.25,25262.75,short
IS,2025-12-17T00:00:00,,loss,-1.0,-1.0,0,0,25451.25,25305.75,long
IS,2025-12-18T00:00:00,,loss,-1.0,-1.0,0,0,25064.25,24959.25,long
IS,2025-12-19T00:00:00,,win,1.8729,1.8729,0,0,25312.25,25213.25,long
IS,2025-12-22T00:00:00,,win,1.8974,1.8974,0,0,25777.5,25653.75,long
IS,2025-12-23T00:00:00,,loss,-1.0,-1.0,0,0,25666.25,25730.0,short
IS,2025-12-24T00:00:00,,win,1.7167,1.7167,0,0,25781.5,25823.5,short
IS,2025-12-26T00:00:00,,win,1.7749,1.7749,0,0,25862.5,25916.5,short
IS,2025-12-29T00:00:00,,win,1.8738,1.8738,0,0,25793.0,25892.75,short
IS,2025-12-30T00:00:00,,loss,-1.0,-1.0,0,0,25757.25,25696.5,long
IS,2025-12-31T00:00:00,,loss,-1.0,-1.0,0,0,25699.0,25588.0,long
IS,2024-01-18T00:00:00,,loss,-1.0,-1.0,0,0,16827.75,16872.75,short
IS,2024-01-19T00:00:00,,win,1.8488,1.8488,0,0,17214.0,17131.5,long
IS,2024-01-22T00:00:00,,loss,-1.0,-1.0,0,0,17497.25,17569.25,short
IS,2024-01-23T00:00:00,,loss,-1.0,-1.0,0,0,17425.25,17473.25,short
IS,2024-01-24T00:00:00,,win,1.7627,1.7627,0,0,17619.75,17568.75,long
IS,2024-01-25T00:00:00,,loss,-1.0,-1.0,0,0,17537.0,17636.0,short
IS,2024-01-26T00:00:00,,loss,-1.0,-1.0,0,0,17573.5,17509.75,long
IS,2024-01-29T00:00:00,,win,1.889,1.889,0,0,17609.75,17495.75,long
IS,2024-01-30T00:00:00,,win,1.8375,1.8375,0,0,17654.75,17731.25,short
IS,2024-01-31T00:00:00,,loss,-1.0,-1.0,0,0,17415.0,17452.5,short
IS,2024-02-01T00:00:00,,loss,-1.0,-1.0,0,0,17353.5,17291.25,long
IS,2024-02-02T00:00:00,,loss,-1.0,-1.0,0,0,17663.5,17598.25,long
IS,2024-02-05T00:00:00,,win,1.8113,1.8113,0,0,17728.75,17663.5,long
IS,2024-02-06T00:00:00,,win,1.7379,1.7379,0,0,17750.5,17704.75,long
IS,2024-02-07T00:00:00,,loss,-1.0,-1.0,0,0,17551.0,17711.5,short
IS,2024-02-08T00:00:00,,loss,-1.0,-1.0,0,0,17869.5,17837.25,long
IS,2024-02-09T00:00:00,,loss,-1.0,-1.0,0,0,17838.5,17865.5,short
IS,2024-02-12T00:00:00,,loss,-1.0,-1.0,0,0,18013.25,18041.0,short
IS,2024-02-13T00:00:00,,win,1.6554,1.6554,0,0,17954.5,17920.75,long
IS,2024-02-14T00:00:00,,loss,-1.0,-1.0,0,0,17630.25,17689.5,short
IS,2024-02-15T00:00:00,,win,1.8574,1.8574,0,0,17931.5,17843.75,long
IS,2024-02-16T00:00:00,,loss,-1.0,-1.0,0,0,17896.5,17934.75,short
IS,2024-02-19T00:00:00,,loss,-1.0,-1.0,0,0,17713.25,17803.25,short
IS,2024-02-20T00:00:00,,win,1.8209,1.8209,0,0,17683.75,17752.75,short
IS,2024-02-21T00:00:00,,loss,-1.0,-1.0,0,0,17592.0,17542.5,long
IS,2024-02-22T00:00:00,,loss,-1.0,-1.0,0,0,17830.75,17769.25,long
IS,2024-02-23T00:00:00,,loss,-1.0,-1.0,0,0,18062.25,18022.5,long
IS,2024-02-26T00:00:00,,win,1.836,1.836,0,0,17998.5,17922.75,long
IS,2024-02-27T00:00:00,,loss,-1.0,-1.0,0,0,17923.5,17967.0,short
IS,2024-02-28T00:00:00,,loss,-1.0,-1.0,0,0,18056.75,17993.0,long
IS,2024-02-29T00:00:00,,win,1.6004,1.6004,0,0,17920.5,17892.0,long
IS,2024-03-01T00:00:00,,win,1.7072,1.7072,0,0,18113.25,18072.75,long
IS,2024-03-04T00:00:00,,win,1.6684,1.6684,0,0,18371.0,18335.75,long
IS,2024-03-05T00:00:00,,win,1.8296,1.8296,0,0,18156.25,18229.0,short
IS,2024-03-06T00:00:00,,win,1.8227,1.8227,0,0,18013.0,17943.25,long
IS,2024-03-07T00:00:00,,loss,-1.0,-1.0,0,0,17864.25,17995.5,short
IS,2024-03-08T00:00:00,,win,1.6918,1.6918,0,0,18296.0,18257.75,long
IS,2024-03-11T00:00:00,,loss,-1.0,-1.0,0,0,18336.0,18261.75,long
IS,2024-03-12T00:00:00,,loss,-1.0,-1.0,0,0,18264.25,18295.75,short
IS,2024-03-13T00:00:00,,loss,-1.0,-1.0,0,0,18438.25,18464.5,short
IS,2024-03-14T00:00:00,,win,1.6485,1.6485,0,0,18394.0,18361.0,long
IS,2024-03-15T00:00:00,,win,1.7959,1.7959,0,0,18209.25,18269.25,short
IS,2024-03-18T00:00:00,,win,1.7859,1.7859,0,0,18142.0,18085.0,long
IS,2024-03-19T00:00:00,,win,1.791,1.791,0,0,18212.0,18153.5,long
IS,2024-03-20T00:00:00,,loss,-1.0,-1.0,0,0,18205.75,18255.25,short
IS,2024-03-21T00:00:00,,win,1.7379,1.7379,0,0,18604.75,18559.0,long
IS,2024-03-22T00:00:00,,win,1.6862,1.6862,0,0,18558.0,18595.5,short
IS,2024-03-25T00:00:00,,loss,-1.0,-1.0,0,0,18622.5,18577.5,long
IS,2024-03-26T00:00:00,,win,1.6746,1.6746,0,0,18520.5,18556.5,short
IS,2024-03-27T00:00:00,,loss,-1.0,-1.0,0,0,18463.5,18493.5,short
IS,2024-03-28T00:00:00,,loss,-1.0,-1.0,0,0,18457.0,18505.0,short
IS,2024-04-01T00:00:00,,win,1.5112,1.5112,0,0,18574.0,18596.5,short
IS,2024-04-02T00:00:00,,loss,-1.0,-1.0,0,0,18513.75,18457.5,long
IS,2024-04-03T00:00:00,,loss,-1.0,-1.0,0,0,18350.25,18291.75,long
IS,2024-04-04T00:00:00,,loss,-1.0,-1.0,0,0,18472.0,18431.5,long
IS,2024-04-05T00:00:00,,loss,-1.0,-1.0,0,0,18019.5,18098.25,short
IS,2024-04-08T00:00:00,,loss,-1.0,-1.0,0,0,18373.75,18307.75,long
IS,2024-04-09T00:00:00,,loss,-1.0,-1.0,0,0,18318.25,18290.5,long
IS,2024-04-10T00:00:00,,loss,-1.0,-1.0,0,0,18341.5,18385.0,short
IS,2024-04-11T00:00:00,,loss,-1.0,-1.0,0,0,18227.5,18155.5,long
IS,2024-04-12T00:00:00,,loss,-1.0,-1.0,0,0,18518.75,18482.75,long
IS,2024-04-15T00:00:00,,win,1.8729,1.8729,0,0,18293.5,18194.5,long
IS,2024-04-16T00:00:00,,win,1.8538,1.8538,0,0,17799.5,17885.0,short
IS,2024-04-17T00:00:00,,loss,-1.0,-1.0,0,0,17972.25,17904.0,long
IS,2024-04-18T00:00:00,,win,1.6805,1.6805,0,0,17728.5,17691.75,long
IS,2024-04-19T00:00:00,,loss,-1.0,-1.0,0,0,17112.75,17445.75,short
IS,2024-04-22T00:00:00,,loss,-1.0,-1.0,0,0,17337.25,17213.5,long
IS,2024-04-23T00:00:00,,loss,-1.0,-1.0,0,0,17274.0,17333.25,short
IS,2024-04-24T00:00:00,,loss,-1.0,-1.0,0,0,17755.25,17708.75,long
IS,2024-04-25T00:00:00,,win,1.7212,1.7212,0,0,17449.25,17492.0,short
IS,2024-04-26T00:00:00,,loss,-1.0,-1.0,0,0,17819.0,17747.75,long
IS,2024-04-29T00:00:00,,win,1.6918,1.6918,0,0,17916.25,17878.0,long
IS,2024-04-30T00:00:00,,loss,-1.0,-1.0,0,0,17937.25,17904.25,long
IS,2024-05-01T00:00:00,,loss,-1.0,-1.0,0,0,17463.25,17518.75,short
IS,2024-05-02T00:00:00,,loss,-1.0,-1.0,0,0,17590.75,17526.25,long
IS,2024-05-03T00:00:00,,loss,-1.0,-1.0,0,0,17811.5,17761.25,long
IS,2024-05-06T00:00:00,,loss,-1.0,-1.0,0,0,17987.0,18011.75,short
IS,2024-05-07T00:00:00,,win,1.591,1.591,0,0,18196.75,18169.0,long
IS,2024-05-08T00:00:00,,win,1.6178,1.6178,0,0,18185.5,18215.5,short
IS,2024-05-09T00:00:00,,loss,-1.0,-1.0,0,0,18194.0,18156.5,long
IS,2024-05-10T00:00:00,,loss,-1.0,-1.0,0,0,18195.25,18235.0,short
IS,2024-05-13T00:00:00,,loss,-1.0,-1.0,0,0,18232.5,18263.25,short
IS,2024-05-14T00:00:00,,loss,-1.0,-1.0,0,0,18248.25,18280.5,short
IS,2024-05-15T00:00:00,,loss,-1.0,-1.0,0,0,18444.25,18408.25,long
IS,2024-05-16T00:00:00,,loss,-1.0,-1.0,0,0,18700.0,18730.75,short
IS,2024-05-17T00:00:00,,loss,-1.0,-1.0,0,0,18677.5,18654.25,long
IS,2024-05-20T00:00:00,,loss,-1.0,-1.0,0,0,18638.0,18671.0,short
IS,2024-05-21T00:00:00,,loss,-1.0,-1.0,0,0,18731.75,18756.5,short
IS,2024-05-23T00:00:00,,win,1.8191,1.8191,0,0,18931.75,18863.5,long
IS,2024-05-24T00:00:00,,loss,-1.0,-1.0,0,0,18753.25,18714.25,long
IS,2024-05-27T00:00:00,,loss,-1.0,-1.0,0,0,18869.25,18843.75,long
IS,2024-05-28T00:00:00,,win,1.7212,1.7212,0,0,18936.75,18894.0,long
IS,2024-05-29T00:00:00,,win,1.6805,1.6805,0,0,18881.25,18918.0,short
IS,2024-05-30T00:00:00,,win,1.7749,1.7749,0,0,18668.0,18722.0,short
IS,2024-05-31T00:00:00,,loss,-1.0,-1.0,0,0,18609.75,18522.75,long
IS,2024-06-03T00:00:00,,win,1.8433,1.8433,0,0,18696.5,18617.0,long
IS,2024-06-04T00:00:00,,win,1.7455,1.7455,0,0,18626.75,18674.0,short
IS,2024-06-05T00:00:00,,loss,-1.0,-1.0,0,0,18767.75,18715.25,long
IS,2024-06-06T00:00:00,,loss,-1.0,-1.0,0,0,19130.25,19075.5,long
IS,2024-06-07T00:00:00,,win,1.571,1.571,0,0,19099.75,19073.5,long
IS,2024-06-10T00:00:00,,loss,-1.0,-1.0,0,0,19054.25,19027.25,long
IS,2024-06-11T00:00:00,,win,1.626,1.626,0,0,19108.25,19077.5,long
IS,2024-06-12T00:00:00,,loss,-1.0,-1.0,0,0,19285.25,19243.25,long
IS,2024-06-13T00:00:00,,loss,-1.0,-1.0,0,0,19592.0,19626.5,short
IS,2024-06-14T00:00:00,,win,1.5602,1.5602,0,0,19637.5,19612.0,long
IS,2024-06-17T00:00:00,,loss,-1.0,-1.0,0,0,19988.0,19946.0,long
IS,2024-06-18T00:00:00,,loss,-1.0,-1.0,0,0,20118.0,20187.0,short
IS,2024-06-20T00:00:00,,win,1.6485,1.6485,0,0,20282.75,20249.75,long
IS,2024-06-21T00:00:00,,win,1.7072,1.7072,0,0,20072.75,20032.25,long
IS,2024-06-25T00:00:00,,win,1.7527,1.7527,0,0,19791.5,19742.75,long
IS,2024-06-26T00:00:00,,loss,-1.0,-1.0,0,0,20032.75,19986.25,long
IS,2024-06-27T00:00:00,,win,1.7959,1.7959,0,0,19953.5,19893.5,long
IS,2024-06-28T00:00:00,,win,1.8313,1.8313,0,0,20156.25,20082.75,long
IS,2024-07-01T00:00:00,,loss,-1.0,-1.0,0,0,20022.5,19976.0,long
IS,2024-07-02T00:00:00,,loss,-1.0,-1.0,0,0,20019.0,19978.5,long
IS,2024-07-03T00:00:00,,loss,-1.0,-1.0,0,0,20221.75,20247.25,short
IS,2024-07-04T00:00:00,,loss,-1.0,-1.0,0,0,20424.5,20399.0,long
IS,2024-07-05T00:00:00,,loss,-1.0,-1.0,0,0,20425.5,20401.5,long
IS,2024-07-08T00:00:00,,win,1.7833,1.7833,0,0,20635.5,20579.25,long
IS,2024-07-09T00:00:00,,loss,-1.0,-1.0,0,0,20756.75,20726.0,long
IS,2024-07-10T00:00:00,,loss,-1.0,-1.0,0,0,20683.0,20711.5,short
IS,2024-07-11T00:00:00,,win,1.6684,1.6684,0,0,20888.75,20853.5,long
IS,2024-07-12T00:00:00,,win,1.6862,1.6862,0,0,20406.25,20443.75,short
IS,2024-07-15T00:00:00,,loss,-1.0,-1.0,0,0,20597.5,20567.5,long
IS,2024-07-16T00:00:00,,loss,-1.0,-1.0,0,0,20671.75,20620.0,long
IS,2024-07-17T00:00:00,,win,1.6918,1.6918,0,0,20526.5,20564.75,short
IS,2024-07-18T00:00:00,,loss,-1.0,-1.0,0,0,19997.25,20080.5,short
IS,2024-07-19T00:00:00,,loss,-1.0,-1.0,0,0,19990.5,19941.0,long
IS,2024-07-22T00:00:00,,loss,-1.0,-1.0,0,0,19643.5,19813.0,short
IS,2024-07-23T00:00:00,,loss,-1.0,-1.0,0,0,19860.0,19968.75,short
IS,2024-07-24T00:00:00,,win,1.7527,1.7527,0,0,19787.75,19836.5,short
IS,2024-07-25T00:00:00,,win,1.8133,1.8133,0,0,19236.75,19302.75,short
IS,2024-07-26T00:00:00,,win,1.8474,1.8474,0,0,19127.25,19045.5,long
IS,2024-07-29T00:00:00,,loss,-1.0,-1.0,0,0,19372.25,19280.0,long
IS,2024-07-30T00:00:00,,loss,-1.0,-1.0,0,0,19055.75,19165.25,short
IS,2024-07-31T00:00:00,,loss,-1.0,-1.0,0,0,19002.5,19089.5,short
IS,2024-08-01T00:00:00,,loss,-1.0,-1.0,0,0,19752.0,19623.75,long
IS,2024-08-02T00:00:00,,loss,-1.0,-1.0,0,0,19014.5,18868.25,long
IS,2024-08-05T00:00:00,,win,1.9621,1.9621,0,0,17840.0,18182.75,short
IS,2024-08-06T00:00:00,,win,1.9613,1.9613,0,0,18100.25,18435.5,short
IS,2024-08-07T00:00:00,,win,1.9217,1.9217,0,0,18305.25,18141.75,long
IS,2024-08-08T00:00:00,,loss,-1.0,-1.0,0,0,18154.5,17893.5,long
IS,2024-08-09T00:00:00,,loss,-1.0,-1.0,0,0,18607.75,18511.0,long
IS,2024-08-12T00:00:00,,win,1.8831,1.8831,0,0,18691.25,18583.25,long
IS,2024-08-13T00:00:00,,win,1.8831,1.8831,0,0,18747.5,18639.5,long
IS,2024-08-14T00:00:00,,loss,-1.0,-1.0,0,0,19163.25,19100.25,long
IS,2024-08-15T00:00:00,,loss,-1.0,-1.0,0,0,19242.5,19145.75,long
IS,2024-08-16T00:00:00,,win,1.8245,1.8245,0,0,19659.25,19588.75,long
IS,2024-08-19T00:00:00,,loss,-1.0,-1.0,0,0,19716.75,19636.5,long
IS,2024-08-20T00:00:00,,win,1.8513,1.8513,0,0,19929.0,19845.0,long
IS,2024-08-21T00:00:00,,loss,-1.0,-1.0,0,0,19772.0,19834.25,short
IS,2024-08-22T00:00:00,,win,1.6805,1.6805,0,0,19898.25,19935.0,short
IS,2024-08-23T00:00:00,,win,1.8345,1.8345,0,0,19709.25,19634.25,long
IS,2024-08-26T00:00:00,,loss,-1.0,-1.0,0,0,19750.25,19832.0,short
IS,2024-08-27T00:00:00,,loss,-1.0,-1.0,0,0,19500.0,19575.75,short
IS,2024-08-28T00:00:00,,loss,-1.0,-1.0,0,0,19554.0,19611.75,short
IS,2024-08-29T00:00:00,,loss,-1.0,-1.0,0,0,19151.0,19253.0,short
IS,2024-08-30T00:00:00,,win,1.8799,1.8799,0,0,19529.0,19424.0,long
IS,2024-09-02T00:00:00,,win,1.7885,1.7885,0,0,19570.25,19628.0,short
IS,2024-09-03T00:00:00,,win,1.8113,1.8113,0,0,19543.25,19608.5,short
IS,2024-09-04T00:00:00,,win,1.9217,1.9217,0,0,18987.75,18824.25,long
IS,2024-09-05T00:00:00,,loss,-1.0,-1.0,0,0,19055.0,18971.0,long
IS,2024-09-06T00:00:00,,loss,-1.0,-1.0,0,0,18978.0,18790.5,long
IS,2024-09-09T00:00:00,,win,1.8998,1.8998,0,0,18606.5,18479.75,long
IS,2024-09-10T00:00:00,,loss,-1.0,-1.0,0,0,18638.25,18690.75,short
IS,2024-09-11T00:00:00,,loss,-1.0,-1.0,0,0,18873.75,18795.75,long
IS,2024-09-12T00:00:00,,win,1.8651,1.8651,0,0,19330.25,19237.25,long
IS,2024-09-13T00:00:00,,loss,-1.0,-1.0,0,0,19383.25,19459.0,short
IS,2024-09-16T00:00:00,,loss,-1.0,-1.0,0,0,19816.0,19732.0,long
IS,2024-09-17T00:00:00,,win,1.828,1.828,0,0,19704.75,19632.75,long
IS,2024-09-18T00:00:00,,loss,-1.0,-1.0,0,0,19745.25,19695.75,long
IS,2024-09-19T00:00:00,,win,1.9165,1.9165,0,0,19830.0,19677.0,long
IS,2024-09-20T00:00:00,,loss,-1.0,-1.0,0,0,20074.0,20034.25,long
IS,2024-09-23T00:00:00,,loss,-1.0,-1.0,0,0,20177.0,20126.0,long
IS,2024-09-24T00:00:00,,loss,-1.0,-1.0,0,0,19978.0,20095.75,short
IS,2024-09-25T00:00:00,,loss,-1.0,-1.0,0,0,20051.0,20156.0,short
IS,2024-09-26T00:00:00,,win,1.8133,1.8133,0,0,20353.25,20287.25,long
IS,2024-09-27T00:00:00,,win,1.7885,1.7885,0,0,20284.25,20342.0,short
IS,2024-09-30T00:00:00,,loss,-1.0,-1.0,0,0,20109.25,20248.0,short
IS,2024-10-01T00:00:00,,loss,-1.0,-1.0,0,0,20343.5,20269.25,long
IS,2024-10-02T00:00:00,,loss,-1.0,-1.0,0,0,20020.25,19945.25,long
IS,2024-10-03T00:00:00,,win,1.9173,1.9173,0,0,19860.5,20015.0,short
IS,2024-10-04T00:00:00,,win,1.8831,1.8831,0,0,20078.75,19970.75,long
IS,2024-10-07T00:00:00,,loss,-1.0,-1.0,0,0,20338.5,20213.25,long
IS,2024-10-08T00:00:00,,loss,-1.0,-1.0,0,0,19856.25,20021.25,short
IS,2024-10-09T00:00:00,,loss,-1.0,-1.0,0,0,20312.75,20273.0,long
IS,2024-10-10T00:00:00,,loss,-1.0,-1.0,0,0,20414.5,20464.0,short
IS,2024-10-11T00:00:00,,loss,-1.0,-1.0,0,0,20404.75,20464.0,short
IS,2024-10-14T00:00:00,,loss,-1.0,-1.0,0,0,20369.75,20417.0,short
IS,2024-10-15T00:00:00,,loss,-1.0,-1.0,0,0,20673.0,20598.75,long
IS,2024-10-16T00:00:00,,loss,-1.0,-1.0,0,0,20411.0,20340.5,long
IS,2024-10-17T00:00:00,,loss,-1.0,-1.0,0,0,20254.0,20325.25,short
IS,2024-10-18T00:00:00,,win,1.7455,1.7455,0,0,20396.75,20349.5,long
IS,2024-10-21T00:00:00,,win,1.7339,1.7339,0,0,20475.0,20520.0,short
IS,2024-10-22T00:00:00,,loss,-1.0,-1.0,0,0,20423.25,20484.0,short
IS,2024-10-23T00:00:00,,loss,-1.0,-1.0,0,0,20564.75,20492.0,long
IS,2024-10-24T00:00:00,,loss,-1.0,-1.0,0,0,20286.25,20338.0,short
IS,2024-10-25T00:00:00,,loss,-1.0,-1.0,0,0,20364.0,20412.75,short
IS,2024-10-28T00:00:00,,loss,-1.0,-1.0,0,0,20544.5,20646.5,short
IS,2024-10-29T00:00:00,,loss,-1.0,-1.0,0,0,20430.0,20517.75,short
IS,2024-10-30T00:00:00,,loss,-1.0,-1.0,0,0,20831.75,20754.5,long
IS,2024-10-31T00:00:00,,win,1.8447,1.8447,0,0,20383.25,20463.5,short
IS,2024-11-01T00:00:00,,win,1.7417,1.7417,0,0,20035.5,20082.0,short
IS,2024-11-04T00:00:00,,win,1.871,1.871,0,0,20221.5,20124.0,long
IS,2024-11-05T00:00:00,,loss,-1.0,-1.0,0,0,19993.25,20077.25,short
IS,2024-11-06T00:00:00,,win,1.9091,1.9091,0,0,20518.5,20378.25,long
IS,2024-11-07T00:00:00,,win,1.8313,1.8313,0,0,20939.0,20865.5,long
IS,2024-11-08T00:00:00,,win,1.7212,1.7212,0,0,21258.25,21215.5,long
IS,2024-11-11T00:00:00,,win,1.836,1.836,0,0,21334.0,21258.25,long
IS,2024-11-12T00:00:00,,loss,-1.0,-1.0,0,0,21300.5,21210.5,long
IS,2024-11-13T00:00:00,,loss,-1.0,-1.0,0,0,21104.0,21156.5,short
IS,2024-11-14T00:00:00,,loss,-1.0,-1.0,0,0,21082.0,21153.25,short
IS,2024-11-15T00:00:00,,loss,-1.0,-1.0,0,0,21009.5,20885.75,long
IS,2024-11-18T00:00:00,,loss,-1.0,-1.0,0,0,20565.5,20630.0,short
IS,2024-11-19T00:00:00,,win,1.7959,1.7959,0,0,20667.0,20607.0,long
IS,2024-11-20T00:00:00,,loss,-1.0,-1.0,0,0,20755.0,20823.25,short
IS,2024-11-21T00:00:00,,loss,-1.0,-1.0,0,0,20535.5,20674.25,short
IS,2024-11-22T00:00:00,,loss,-1.0,-1.0,0,0,20894.75,20770.25,long
IS,2024-11-25T00:00:00,,loss,-1.0,-1.0,0,0,20995.5,20952.0,long
IS,2024-11-26T00:00:00,,win,1.9338,1.9338,0,0,20949.5,20755.25,long
IS,2024-11-27T00:00:00,,win,1.6413,1.6413,0,0,21014.75,20982.5,long
IS,2024-11-28T00:00:00,,loss,-1.0,-1.0,0,0,20819.75,20850.5,short
IS,2024-11-29T00:00:00,,loss,-1.0,-1.0,0,0,20947.5,20822.25,long
IS,2024-12-02T00:00:00,,loss,-1.0,-1.0,0,0,21015.25,20949.25,long
IS,2024-12-03T00:00:00,,loss,-1.0,-1.0,0,0,21263.5,21203.5,long
IS,2024-12-04T00:00:00,,win,1.7339,1.7339,0,0,21365.0,21320.0,long
IS,2024-12-05T00:00:00,,loss,-1.0,-1.0,0,0,21551.25,21495.0,long
IS,2024-12-06T00:00:00,,win,1.712,1.712,0,0,21491.0,21449.75,long
IS,2024-12-09T00:00:00,,win,1.7885,1.7885,0,0,21684.75,21627.0,long
IS,2024-12-10T00:00:00,,loss,-1.0,-1.0,0,0,21445.25,21485.0,short
IS,2024-12-11T00:00:00,,loss,-1.0,-1.0,0,0,21468.5,21419.0,long
IS,2024-12-12T00:00:00,,loss,-1.0,-1.0,0,0,21735.0,21759.0,short
IS,2024-12-13T00:00:00,,loss,-1.0,-1.0,0,0,21694.0,21760.0,short
IS,2024-12-16T00:00:00,,loss,-1.0,-1.0,0,0,21852.75,21789.0,long
IS,2024-12-17T00:00:00,,loss,-1.0,-1.0,0,0,22469.25,22378.5,long
IS,2024-12-18T00:00:00,,win,1.8113,1.8113,0,0,22351.25,22286.0,long
IS,2024-12-19T00:00:00,,loss,-1.0,-1.0,0,0,21349.0,21550.0,short
IS,2024-12-20T00:00:00,,loss,-1.0,-1.0,0,0,21168.75,21300.0,short
IS,2024-12-23T00:00:00,,loss,-1.0,-1.0,0,0,21768.25,21609.25,long
IS,2024-12-24T00:00:00,,win,1.8245,1.8245,0,0,21790.75,21720.25,long
IS,2024-12-26T00:00:00,,win,1.7885,1.7885,0,0,22103.0,22045.25,long
IS,2024-12-27T00:00:00,,win,1.8488,1.8488,0,0,21895.25,21977.75,short
IS,2024-12-30T00:00:00,,win,1.8773,1.8773,0,0,21609.75,21712.5,short
IS,2024-12-31T00:00:00,,loss,-1.0,-1.0,0,0,21477.75,21368.25,long
IS,2025-01-02T00:00:00,,win,1.9374,1.9374,0,0,21437.25,21231.75,long
IS,2025-01-03T00:00:00,,loss,-1.0,-1.0,0,0,21150.75,21249.0,short
IS,2025-01-06T00:00:00,,loss,-1.0,-1.0,0,0,21444.75,21507.0,short
IS,2025-01-07T00:00:00,,loss,-1.0,-1.0,0,0,21817.5,21746.25,long
IS,2025-01-08T00:00:00,,loss,-1.0,-1.0,0,0,21457.0,21394.75,long
IS,2025-01-09T00:00:00,,loss,-1.0,-1.0,0,0,21374.25,21300.75,long
IS,2025-01-10T00:00:00,,win,1.9173,1.9173,0,0,21348.5,21194.0,long
IS,2025-01-13T00:00:00,,win,1.9105,1.9105,0,0,20860.25,21002.75,short
IS,2025-01-14T00:00:00,,loss,-1.0,-1.0,0,0,20976.0,21053.25,short
IS,2025-01-15T00:00:00,,win,1.7072,1.7072,0,0,20923.25,20963.75,short
IS,2025-01-16T00:00:00,,loss,-1.0,-1.0,0,0,21468.5,21405.5,long
IS,2025-01-17T00:00:00,,win,1.828,1.828,0,0,21309.75,21237.75,long
IS,2025-01-20T00:00:00,,loss,-1.0,-1.0,0,0,21650.25,21540.0,long
IS,2025-01-21T00:00:00,,scratch,0.5668,0.5668,1,0,22137.5,21370.25,long
IS,2025-01-22T00:00:00,,win,1.8375,1.8375,0,0,21888.0,21811.5,long
IS,2025-01-23T00:00:00,,loss,-1.0,-1.0,0,0,21917.5,21966.25,short
IS,2025-01-24T00:00:00,,loss,-1.0,-1.0,0,0,22102.25,22004.0,long
IS,2025-01-27T00:00:00,,win,1.9307,1.9307,0,0,21431.0,21616.25,short
IS,2025-01-28T00:00:00,,loss,-1.0,-1.0,0,0,21209.5,21323.5,short
IS,2025-01-29T00:00:00,,win,1.7859,1.7859,0,0,21610.25,21553.25,long
IS,2025-01-30T00:00:00,,loss,-1.0,-1.0,0,0,21735.25,21578.5,long
IS,2025-01-31T00:00:00,,win,1.9241,1.9241,0,0,21847.75,21679.0,long
IS,2025-02-03T00:00:00,,loss,-1.0,-1.0,0,0,20902.25,21147.5,short
IS,2025-02-04T00:00:00,,win,1.9217,1.9217,0,0,21386.0,21549.5,short
IS,2025-02-05T00:00:00,,win,1.8597,1.8597,0,0,21535.25,21624.5,short
IS,2025-02-06T00:00:00,,loss,-1.0,-1.0,0,0,21732.25,21784.75,short
IS,2025-02-07T00:00:00,,loss,-1.0,-1.0,0,0,21905.25,21861.75,long
IS,2025-02-10T00:00:00,,loss,-1.0,-1.0,0,0,21602.5,21700.0,short
IS,2025-02-11T00:00:00,,win,1.828,1.828,0,0,21740.5,21812.5,short
IS,2025-02-12T00:00:00,,loss,-1.0,-1.0,0,0,21866.75,21796.25,long
IS,2025-02-13T00:00:00,,loss,-1.0,-1.0,0,0,21938.25,21880.5,long
IS,2025-02-14T00:00:00,,loss,-1.0,-1.0,0,0,22171.0,22093.75,long
IS,2025-02-17T00:00:00,,loss,-1.0,-1.0,0,0,22288.25,22215.5,long
IS,2025-02-18T00:00:00,,win,1.6413,1.6413,0,0,22263.75,22231.5,long
IS,2025-02-19T00:00:00,,loss,-1.0,-1.0,0,0,22244.75,22286.75,short
IS,2025-02-20T00:00:00,,win,1.9141,1.9141,0,0,22081.0,22229.5,short
IS,2025-02-21T00:00:00,,loss,-1.0,-1.0,0,0,22075.25,22160.75,short
IS,2025-02-24T00:00:00,,loss,-1.0,-1.0,0,0,21704.25,21777.0,short
IS,2025-02-26T00:00:00,,loss,-1.0,-1.0,0,0,21173.0,21251.0,short
IS,2025-02-27T00:00:00,,win,1.9431,1.9431,0,0,21334.25,21107.75,long
IS,2025-02-28T00:00:00,,loss,-1.0,-1.0,0,0,20512.25,20668.25,short
IS,2025-03-03T00:00:00,,win,1.9254,1.9254,0,0,21035.0,20863.25,long
IS,2025-03-04T00:00:00,,loss,-1.0,-1.0,0,0,20343.5,20570.75,short
IS,2025-03-05T00:00:00,,loss,-1.0,-1.0,0,0,20398.25,20542.25,short
IS,2025-03-06T00:00:00,,loss,-1.0,-1.0,0,0,20675.75,20583.5,long
IS,2025-03-07T00:00:00,,loss,-1.0,-1.0,0,0,20043.25,20219.5,short
IS,2025-03-10T00:00:00,,loss,-1.0,-1.0,0,0,20169.25,20060.5,long
IS,2025-03-11T00:00:00,,win,1.9466,1.9466,0,0,19387.25,19145.75,long
IS,2025-03-12T00:00:00,,loss,-1.0,-1.0,0,0,19383.25,19478.5,short
IS,2025-03-13T00:00:00,,win,1.8619,1.8619,0,0,19565.75,19656.5,short
IS,2025-03-14T00:00:00,,loss,-1.0,-1.0,0,0,19346.0,19415.0,short
IS,2025-03-17T00:00:00,,loss,-1.0,-1.0,0,0,19538.5,19628.5,short
IS,2025-03-18T00:00:00,,win,1.8651,1.8651,0,0,19923.75,20016.75,short
IS,2025-03-19T00:00:00,,win,1.8133,1.8133,0,0,19721.0,19787.0,short
IS,2025-03-20T00:00:00,,loss,-1.0,-1.0,0,0,20006.25,20058.0,short
IS,2025-03-21T00:00:00,,loss,-1.0,-1.0,0,0,19965.5,19898.75,long
IS,2025-03-24T00:00:00,,loss,-1.0,-1.0,0,0,20068.0,20126.5,short
IS,2025-03-25T00:00:00,,win,1.7417,1.7417,0,0,20328.5,20375.0,short
IS,2025-03-26T00:00:00,,win,1.7527,1.7527,0,0,20477.75,20526.5,short
IS,2025-03-27T00:00:00,,win,1.7982,1.7982,0,0,20131.25,20070.5,long
IS,2021-09-02T00:00:00,,loss,-1.0,-1.0,0,0,15646.0,15607.0,long
IS,2021-09-03T00:00:00,,loss,-1.0,-1.0,0,0,15596.75,15617.0,short
IS,2021-09-06T00:00:00,,win,1.5602,1.5602,0,0,15668.5,15643.0,long
IS,2021-09-07T00:00:00,,loss,-1.0,-1.0,0,0,15656.0,15688.25,short
IS,2021-09-08T00:00:00,,loss,-1.0,-1.0,0,0,15668.0,15687.5,short
IS,2021-09-09T00:00:00,,loss,-1.0,-1.0,0,0,15631.25,15581.75,long
IS,2021-09-10T00:00:00,,win,1.6918,1.6918,0,0,15585.75,15547.5,long
IS,2021-09-13T00:00:00,,loss,-1.0,-1.0,0,0,15386.5,15466.0,short
IS,2021-09-14T00:00:00,,loss,-1.0,-1.0,0,0,15489.5,15439.25,long
IS,2021-09-15T00:00:00,,win,1.6684,1.6684,0,0,15372.75,15408.0,short
IS,2021-09-16T00:00:00,,win,1.8245,1.8245,0,0,15453.75,15524.25,short
IS,2021-09-17T00:00:00,,loss,-1.0,-1.0,0,0,15462.0,15489.0,short
IS,2021-09-20T00:00:00,,win,1.8526,1.8526,0,0,15235.75,15320.5,short
IS,2021-09-21T00:00:00,,loss,-1.0,-1.0,0,0,14982.25,15049.75,short
IS,2021-09-22T00:00:00,,scratch,0.9803,0.9803,1,0,15306.5,14942.0,long
IS,2021-09-23T00:00:00,,loss,-1.0,-1.0,0,0,15271.75,15187.0,long
IS,2021-09-24T00:00:00,,win,1.7379,1.7379,0,0,15277.75,15323.5,short
IS,2021-09-27T00:00:00,,loss,-1.0,-1.0,0,0,15417.25,15364.0,long
IS,2021-09-28T00:00:00,,win,1.6554,1.6554,0,0,15168.75,15135.0,long
IS,2021-09-29T00:00:00,,loss,-1.0,-1.0,0,0,14692.75,14836.75,short
IS,2021-09-30T00:00:00,,loss,-1.0,-1.0,0,0,14734.5,14820.0,short
IS,2021-10-01T00:00:00,,loss,-1.0,-1.0,0,0,14339.25,14691.0,short
IS,2021-10-04T00:00:00,,win,1.898,1.898,0,0,14655.5,14780.0,short
IS,2021-10-05T00:00:00,,win,1.8815,1.8815,0,0,14516.5,14410.0,long
IS,2021-10-06T00:00:00,,win,1.9136,1.9136,0,0,14511.5,14659.25,short
IS,2021-10-07T00:00:00,,win,1.7561,1.7561,0,0,14860.0,14810.5,long
IS,2021-10-08T00:00:00,,loss,-1.0,-1.0,0,0,14959.75,14906.5,long
IS,2021-10-11T00:00:00,,loss,-1.0,-1.0,0,0,14822.0,14741.75,long
IS,2021-10-12T00:00:00,,loss,-1.0,-1.0,0,0,14717.5,14596.0,long
IS,2021-10-13T00:00:00,,loss,-1.0,-1.0,0,0,14543.5,14639.5,short
IS,2021-10-14T00:00:00,,loss,-1.0,-1.0,0,0,14795.25,14829.0,short
IS,2021-10-15T00:00:00,,win,1.8574,1.8574,0,0,15108.5,15020.75,long
IS,2021-10-18T00:00:00,,win,1.8153,1.8153,0,0,15050.25,15117.0,short
IS,2021-10-19T00:00:00,,win,1.805,1.805,0,0,15338.25,15275.25,long
IS,2021-10-20T00:00:00,,loss,-1.0,-1.0,0,0,15414.0,15370.5,long
IS,2021-10-21T00:00:00,,loss,-1.0,-1.0,0,0,15369.75,15326.25,long
IS,2021-10-22T00:00:00,,loss,-1.0,-1.0,0,0,15445.25,15401.75,long
IS,2021-10-25T00:00:00,,loss,-1.0,-1.0,0,0,15294.5,15336.5,short
IS,2021-10-26T00:00:00,,loss,-1.0,-1.0,0,0,15529.25,15586.25,short
IS,2021-10-27T00:00:00,,loss,-1.0,-1.0,0,0,15487.25,15544.25,short
IS,2021-10-28T00:00:00,,loss,-1.0,-1.0,0,0,15648.75,15609.0,long
IS,2021-10-29T00:00:00,,loss,-1.0,-1.0,0,0,15707.25,15645.75,long
IS,2021-11-01T00:00:00,,loss,-1.0,-1.0,0,0,15839.5,15898.75,short
IS,2021-11-02T00:00:00,,loss,-1.0,-1.0,0,0,15843.0,15888.0,short
IS,2021-11-03T00:00:00,,loss,-1.0,-1.0,0,0,15996.0,15953.25,long
IS,2021-11-04T00:00:00,,loss,-1.0,-1.0,0,0,16127.25,16174.5,short
IS,2021-11-05T00:00:00,,loss,-1.0,-1.0,0,0,16365.75,16316.25,long
IS,2021-11-08T00:00:00,,loss,-1.0,-1.0,0,0,16339.5,16286.25,long
IS,2021-11-09T00:00:00,,win,1.7022,1.7022,0,0,16325.0,16285.25,long
IS,2021-11-10T00:00:00,,win,1.6413,1.6413,0,0,16154.25,16186.5,short
IS,2021-11-11T00:00:00,,loss,-1.0,-1.0,0,0,15952.5,16026.75,short
IS,2021-11-12T00:00:00,,loss,-1.0,-1.0,0,0,16111.0,16073.5,long
IS,2021-11-15T00:00:00,,loss,-1.0,-1.0,0,0,16205.5,16235.5,short
IS,2021-11-16T00:00:00,,loss,-1.0,-1.0,0,0,16274.5,16191.25,long
IS,2021-11-17T00:00:00,,win,1.6338,1.6338,0,0,16281.0,16312.5,short
IS,2021-11-18T00:00:00,,loss,-1.0,-1.0,0,0,16312.25,16340.75,short
IS,2021-11-19T00:00:00,,win,1.6413,1.6413,0,0,16527.0,16494.75,long
IS,2021-11-22T00:00:00,,loss,-1.0,-1.0,0,0,16571.5,16633.0,short
IS,2021-11-23T00:00:00,,win,1.864,1.864,0,0,16316.75,16409.0,short
IS,2021-11-24T00:00:00,,loss,-1.0,-1.0,0,0,16344.0,16294.5,long
IS,2021-11-25T00:00:00,,loss,-1.0,-1.0,0,0,16340.25,16380.0,short
IS,2021-11-26T00:00:00,,win,1.8846,1.8846,0,0,16229.75,16339.25,short
IS,2021-11-29T00:00:00,,loss,-1.0,-1.0,0,0,16281.25,16194.25,long
IS,2021-11-30T00:00:00,,win,1.7778,1.7778,0,0,16383.75,16438.5,short
IS,2021-12-01T00:00:00,,win,1.9281,1.9281,0,0,16363.5,16185.0,long
IS,2021-12-02T00:00:00,,loss,-1.0,-1.0,0,0,16016.0,15911.75,long
IS,2021-12-03T00:00:00,,loss,-1.0,-1.0,0,0,15846.75,15965.25,short
IS,2021-12-06T00:00:00,,loss,-1.0,-1.0,0,0,15786.75,15705.0,long
IS,2021-12-07T00:00:00,,win,1.8883,1.8883,0,0,15955.75,15842.5,long
IS,2021-12-08T00:00:00,,loss,-1.0,-1.0,0,0,16290.25,16391.5,short
IS,2021-12-09T00:00:00,,loss,-1.0,-1.0,0,0,16403.75,16376.75,long
IS,2021-12-10T00:00:00,,loss,-1.0,-1.0,0,0,16231.0,16145.5,long
IS,2021-12-13T00:00:00,,loss,-1.0,-1.0,0,0,16435.25,16382.75,long
IS,2021-12-14T00:00:00,,loss,-1.0,-1.0,0,0,16142.5,16092.25,long
IS,2021-12-15T00:00:00,,loss,-1.0,-1.0,0,0,16015.0,15896.5,long
IS,2021-12-16T00:00:00,,loss,-1.0,-1.0,0,0,16346.25,16299.0,long
IS,2021-12-17T00:00:00,,win,1.8815,1.8815,0,0,15790.75,15897.25,short
IS,2021-12-20T00:00:00,,win,1.898,1.898,0,0,15608.0,15732.5,short
IS,2021-12-21T00:00:00,,win,1.8924,1.8924,0,0,15793.25,15675.5,long
IS,2021-12-22T00:00:00,,loss,-1.0,-1.0,0,0,15994.25,15941.0,long
IS,2021-12-23T00:00:00,,loss,-1.0,-1.0,0,0,16205.75,16162.25,long
IS,2021-12-27T00:00:00,,loss,-1.0,-1.0,0,0,16382.0,16322.75,long
IS,2021-12-28T00:00:00,,loss,-1.0,-1.0,0,0,16499.25,16554.0,short
IS,2021-12-29T00:00:00,,win,1.7749,1.7749,0,0,16499.25,16553.25,short
IS,2021-12-30T00:00:00,,win,1.8028,1.8028,0,0,16517.25,16455.0,long
IS,2022-01-03T00:00:00,,loss,-1.0,-1.0,0,0,16375.0,16427.5,short
IS,2022-01-04T00:00:00,,win,1.6805,1.6805,0,0,16520.75,16484.0,long
IS,2022-01-05T00:00:00,,win,1.8245,1.8245,0,0,16184.0,16254.5,short
IS,2022-01-06T00:00:00,,loss,-1.0,-1.0,0,0,15878.75,15743.0,long
IS,2022-01-07T00:00:00,,win,1.7859,1.7859,0,0,15796.25,15853.25,short
IS,2022-01-10T00:00:00,,loss,-1.0,-1.0,0,0,15498.75,15587.25,short
IS,2022-01-11T00:00:00,,loss,-1.0,-1.0,0,0,15472.25,15635.0,short
IS,2022-01-12T00:00:00,,loss,-1.0,-1.0,0,0,15784.0,15833.5,short
IS,2022-01-13T00:00:00,,win,1.7982,1.7982,0,0,15835.25,15896.0,short
IS,2022-01-14T00:00:00,,loss,-1.0,-1.0,0,0,15406.25,15512.0,short
IS,2022-01-17T00:00:00,,loss,-1.0,-1.0,0,0,15477.75,15564.75,short
IS,2022-01-18T00:00:00,,win,1.8691,1.8691,0,0,15506.75,15602.75,short
IS,2022-01-19T00:00:00,,loss,-1.0,-1.0,0,0,15315.0,15168.75,long
IS,2022-01-20T00:00:00,,win,1.931,1.931,0,0,15197.25,15011.25,long
IS,2022-01-21T00:00:00,,loss,-1.0,-1.0,0,0,14927.75,14636.0,long
IS,2022-01-25T00:00:00,,loss,-1.0,-1.0,0,0,14146.0,14368.75,short
IS,2022-01-26T00:00:00,,win,1.9241,1.9241,0,0,14286.75,14118.0,long
IS,2022-01-27T00:00:00,,loss,-1.0,-1.0,0,0,13695.0,14167.5,short
IS,2022-01-28T00:00:00,,loss,-1.0,-1.0,0,0,14028.25,14157.25,short
IS,2022-01-31T00:00:00,,win,1.9004,1.9004,0,0,14503.75,14376.25,long
IS,2022-02-01T00:00:00,,loss,-1.0,-1.0,0,0,14800.0,14877.25,short
IS,2022-02-02T00:00:00,,win,1.8245,1.8245,0,0,15196.25,15125.75,long
IS,2022-02-03T00:00:00,,loss,-1.0,-1.0,0,0,14695.25,14789.0,short
IS,2022-02-04T00:00:00,,loss,-1.0,-1.0,0,0,14634.25,14773.0,short
IS,2022-02-07T00:00:00,,loss,-1.0,-1.0,0,0,14530.0,14671.0,short
IS,2022-02-08T00:00:00,,loss,-1.0,-1.0,0,0,14504.25,14604.75,short
IS,2022-02-09T00:00:00,,win,1.8191,1.8191,0,0,14814.0,14745.75,long
IS,2022-02-10T00:00:00,,win,1.6554,1.6554,0,0,14978.5,15012.25,short
IS,2022-02-11T00:00:00,,loss,-1.0,-1.0,0,0,14769.75,14624.25,long
IS,2022-02-14T00:00:00,,loss,-1.0,-1.0,0,0,14154.0,14271.75,short
IS,2022-02-15T00:00:00,,loss,-1.0,-1.0,0,0,14229.5,14294.0,short
IS,2022-02-16T00:00:00,,loss,-1.0,-1.0,0,0,14614.25,14549.0,long
IS,2022-02-17T00:00:00,,loss,-1.0,-1.0,0,0,14623.0,14566.0,long
IS,2022-02-18T00:00:00,,win,1.8329,1.8329,0,0,14222.5,14148.25,long
IS,2022-02-21T00:00:00,,loss,-1.0,-1.0,0,0,14293.75,13924.0,long
IS,2022-02-22T00:00:00,,loss,-1.0,-1.0,0,0,13822.25,13663.25,long
IS,2022-02-23T00:00:00,,win,1.769,1.769,0,0,13927.25,13979.75,short
IS,2022-02-24T00:00:00,,loss,-1.0,-1.0,0,0,13552.0,13358.5,long
IS,2022-02-25T00:00:00,,loss,-1.0,-1.0,0,0,13754.25,13908.0,short
IS,2022-02-28T00:00:00,,loss,-1.0,-1.0,0,0,13625.75,13954.25,short
IS,2022-03-01T00:00:00,,loss,-1.0,-1.0,0,0,14287.75,14195.5,long
IS,2022-03-02T00:00:00,,loss,-1.0,-1.0,0,0,13931.25,14061.75,short
IS,2022-03-03T00:00:00,,loss,-1.0,-1.0,0,0,14155.0,14224.0,short
IS,2022-03-04T00:00:00,,loss,-1.0,-1.0,0,0,14139.0,13746.75,long
IS,2022-03-07T00:00:00,,loss,-1.0,-1.0,0,0,13483.5,13593.0,short
IS,2022-03-08T00:00:00,,win,1.9521,1.9521,0,0,13110.0,13380.0,short
IS,2022-03-09T00:00:00,,loss,-1.0,-1.0,0,0,13380.5,13265.75,long
IS,2022-03-10T00:00:00,,loss,-1.0,-1.0,0,0,13681.25,13755.5,short
IS,2022-03-11T00:00:00,,loss,-1.0,-1.0,0,0,13367.75,13565.75,short
IS,2022-03-14T00:00:00,,win,1.8433,1.8433,0,0,13317.0,13396.5,short
IS,2022-03-15T00:00:00,,loss,-1.0,-1.0,0,0,13012.75,13108.75,short
IS,2022-03-16T00:00:00,,win,1.8113,1.8113,0,0,13485.75,13420.5,long
IS,2022-03-17T00:00:00,,loss,-1.0,-1.0,0,0,13837.0,13993.0,short
IS,2022-03-18T00:00:00,,win,1.828,1.828,0,0,14039.25,13967.25,long
IS,2022-03-21T00:00:00,,win,1.8447,1.8447,0,0,14314.75,14395.0,short
IS,2022-03-22T00:00:00,,win,1.8574,1.8574,0,0,14380.25,14292.5,long
IS,2022-03-23T00:00:00,,loss,-1.0,-1.0,0,0,14682.25,14631.25,long
IS,2022-03-24T00:00:00,,loss,-1.0,-1.0,0,0,14405.0,14471.0,short
IS,2022-03-25T00:00:00,,win,1.772,1.772,0,0,14775.25,14722.0,long
IS,2022-03-28T00:00:00,,loss,-1.0,-1.0,0,0,14644.25,14714.0,short
IS,2022-03-29T00:00:00,,win,1.7339,1.7339,0,0,15003.0,14958.0,long
IS,2022-03-30T00:00:00,,loss,-1.0,-1.0,0,0,15321.25,15217.0,long
IS,2022-03-31T00:00:00,,loss,-1.0,-1.0,0,0,15112.0,15161.5,short
IS,2022-04-01T00:00:00,,win,1.8133,1.8133,0,0,14957.0,14891.0,long
IS,2022-04-04T00:00:00,,win,1.805,1.805,0,0,14873.0,14810.0,long
IS,2022-04-05T00:00:00,,loss,-1.0,-1.0,0,0,15190.0,15145.0,long
IS,2022-04-06T00:00:00,,loss,-1.0,-1.0,0,0,14873.25,14774.25,long
IS,2022-04-07T00:00:00,,loss,-1.0,-1.0,0,0,14408.25,14481.0,short
IS,2022-04-08T00:00:00,,loss,-1.0,-1.0,0,0,14473.5,14544.75,short
IS,2022-04-11T00:00:00,,win,1.7959,1.7959,0,0,14250.25,14310.25,short
IS,2022-04-12T00:00:00,,loss,-1.0,-1.0,0,0,13867.0,13949.5,short
IS,2022-04-13T00:00:00,,win,1.7527,1.7527,0,0,14052.25,14003.5,long
IS,2022-04-14T00:00:00,,win,1.7806,1.7806,0,0,14272.5,14217.0,long
IS,2022-04-18T00:00:00,,win,1.7806,1.7806,0,0,13797.0,13741.5,long
IS,2022-04-19T00:00:00,,loss,-1.0,-1.0,0,0,14056.75,13933.0,long
IS,2022-04-20T00:00:00,,win,1.9299,1.9299,0,0,14227.25,14044.25,long
IS,2022-04-21T00:00:00,,loss,-1.0,-1.0,0,0,14141.75,14075.0,long
IS,2022-04-22T00:00:00,,win,1.902,1.902,0,0,13759.75,13630.0,long
IS,2022-04-25T00:00:00,,loss,-1.0,-1.0,0,0,13121.25,13307.25,short
IS,2022-04-26T00:00:00,,loss,-1.0,-1.0,0,0,13575.75,13526.25,long
IS,2022-04-27T00:00:00,,win,1.9387,1.9387,0,0,13165.0,12955.0,long
IS,2022-04-28T00:00:00,,loss,-1.0,-1.0,0,0,13092.75,13173.0,short
IS,2022-04-29T00:00:00,,win,1.9077,1.9077,0,0,13414.25,13276.25,long
IS,2022-05-02T00:00:00,,loss,-1.0,-1.0,0,0,12823.75,12915.25,short
IS,2022-05-03T00:00:00,,loss,-1.0,-1.0,0,0,13198.75,13072.0,long
IS,2022-05-04T00:00:00,,loss,-1.0,-1.0,0,0,13168.25,13123.25,long
IS,2022-05-05T00:00:00,,loss,-1.0,-1.0,0,0,13477.5,13536.75,short
IS,2022-05-06T00:00:00,,loss,-1.0,-1.0,0,0,12942.0,12781.5,long
IS,2022-05-09T00:00:00,,loss,-1.0,-1.0,0,0,12624.25,12508.75,long
IS,2022-05-10T00:00:00,,win,1.9257,1.9257,0,0,12318.0,12145.5,long
IS,2022-05-11T00:00:00,,win,1.9101,1.9101,0,0,12494.5,12352.75,long
IS,2022-05-12T00:00:00,,loss,-1.0,-1.0,0,0,12167.25,12008.25,long
IS,2022-05-13T00:00:00,,win,1.902,1.902,0,0,12177.75,12048.0,long
IS,2022-05-16T00:00:00,,win,1.9203,1.9203,0,0,12311.0,12471.5,short
IS,2022-05-17T00:00:00,,win,1.8329,1.8329,0,0,12354.75,12280.5,long
IS,2022-05-18T00:00:00,,win,1.8227,1.8227,0,0,12482.25,12552.0,short
IS,2022-05-19T00:00:00,,loss,-1.0,-1.0,0,0,11767.25,11873.75,short
IS,2022-05-20T00:00:00,,win,1.911,1.911,0,0,12095.25,11952.0,long
IS,2022-05-23T00:00:00,,loss,-1.0,-1.0,0,0,11917.0,12007.75,short
IS,2022-05-24T00:00:00,,loss,-1.0,-1.0,0,0,11944.75,11855.5,long
IS,2022-05-25T00:00:00,,loss,-1.0,-1.0,0,0,11892.5,11813.75,long
IS,2022-05-26T00:00:00,,win,1.8854,1.8854,0,0,11883.5,11993.75,short
IS,2022-05-27T00:00:00,,loss,-1.0,-1.0,0,0,12187.0,12266.5,short
IS,2022-05-30T00:00:00,,win,1.8661,1.8661,0,0,12831.75,12738.0,long
IS,2022-05-31T00:00:00,,loss,-1.0,-1.0,0,0,12866.0,12676.25,long
IS,2022-06-01T00:00:00,,win,1.8765,1.8765,0,0,12624.0,12726.0,short
IS,2022-06-02T00:00:00,,loss,-1.0,-1.0,0,0,12635.75,12560.0,long
IS,2022-06-03T00:00:00,,loss,-1.0,-1.0,0,0,12940.5,12885.75,long
IS,2022-06-06T00:00:00,,win,1.863,1.863,0,0,12661.25,12569.75,long
IS,2022-06-07T00:00:00,,loss,-1.0,-1.0,0,0,12316.25,12572.75,short
IS,2022-06-08T00:00:00,,loss,-1.0,-1.0,0,0,12638.5,12708.25,short
IS,2022-06-09T00:00:00,,loss,-1.0,-1.0,0,0,12537.5,12605.0,short
IS,2022-06-10T00:00:00,,win,1.7859,1.7859,0,0,12328.25,12271.25,long
IS,2022-06-13T00:00:00,,loss,-1.0,-1.0,0,0,11755.75,11595.25,long
IS,2022-06-14T00:00:00,,loss,-1.0,-1.0,0,0,11327.0,11417.75,short
IS,2022-06-15T00:00:00,,loss,-1.0,-1.0,0,0,11537.5,11400.25,long
IS,2022-06-16T00:00:00,,win,1.9105,1.9105,0,0,11631.5,11774.0,short
IS,2022-06-17T00:00:00,,win,1.791,1.791,0,0,11253.25,11194.75,long
IS,2022-06-20T00:00:00,,loss,-1.0,-1.0,0,0,11229.0,11370.0,short
IS,2022-06-21T00:00:00,,loss,-1.0,-1.0,0,0,11392.75,11452.75,short
IS,2022-06-22T00:00:00,,win,1.7806,1.7806,0,0,11488.5,11544.0,short
IS,2022-06-23T00:00:00,,loss,-1.0,-1.0,0,0,11467.25,11594.0,short
IS,2022-06-24T00:00:00,,win,1.8597,1.8597,0,0,11812.75,11723.5,long
IS,2022-06-27T00:00:00,,win,1.898,1.898,0,0,12204.25,12079.75,long
IS,2022-06-28T00:00:00,,win,1.8513,1.8513,0,0,12004.0,12088.0,short
IS,2022-06-29T00:00:00,,loss,-1.0,-1.0,0,0,11752.5,11661.75,long
IS,2022-06-30T00:00:00,,win,1.9067,1.9067,0,0,11538.75,11675.25,short
IS,2022-07-01T00:00:00,,win,1.8773,1.8773,0,0,11433.5,11536.25,short
IS,2022-07-04T00:00:00,,loss,-1.0,-1.0,0,0,11444.5,11545.75,short
IS,2022-07-05T00:00:00,,win,1.8956,1.8956,0,0,11583.0,11704.5,short
IS,2022-07-06T00:00:00,,win,1.902,1.902,0,0,11744.25,11874.0,short
IS,2022-07-07T00:00:00,,loss,-1.0,-1.0,0,0,11779.25,11885.0,short
IS,2022-07-08T00:00:00,,win,1.7959,1.7959,0,0,12070.5,12130.5,short
IS,2022-07-11T00:00:00,,win,1.8986,1.8986,0,0,11992.25,12117.5,short
IS,2022-07-12T00:00:00,,loss,-1.0,-1.0,0,0,11872.5,11805.0,long
IS,2022-07-13T00:00:00,,loss,-1.0,-1.0,0,0,11726.75,11816.75,short
IS,2022-07-14T00:00:00,,loss,-1.0,-1.0,0,0,11781.0,11689.5,long
IS,2022-07-15T00:00:00,,loss,-1.0,-1.0,0,0,11892.25,11803.0,long
IS,2022-07-18T00:00:00,,win,1.8227,1.8227,0,0,12106.75,12037.0,long
IS,2022-07-19T00:00:00,,loss,-1.0,-1.0,0,0,11987.0,11921.75,long
IS,2022-07-20T00:00:00,,loss,-1.0,-1.0,0,0,12374.25,12317.25,long
IS,2022-07-21T00:00:00,,win,1.9072,1.9072,0,0,12533.25,12396.0,long
IS,2022-07-22T00:00:00,,loss,-1.0,-1.0,0,0,12591.0,12535.5,long
IS,2022-07-25T00:00:00,,win,1.836,1.836,0,0,12460.75,12385.0,long
IS,2022-07-26T00:00:00,,loss,-1.0,-1.0,0,0,12363.5,12287.0,long
IS,2022-07-27T00:00:00,,win,1.8419,1.8419,0,0,12336.0,12257.25,long
IS,2022-07-28T00:00:00,,loss,-1.0,-1.0,0,0,12598.25,12554.0,long
IS,2022-07-29T00:00:00,,win,1.7455,1.7455,0,0,12928.25,12881.0,long
IS,2022-08-01T00:00:00,,loss,-1.0,-1.0,0,0,12968.5,12905.5,long
IS,2022-08-02T00:00:00,,win,1.7455,1.7455,0,0,12882.75,12930.0,short
IS,2022-08-03T00:00:00,,win,1.8538,1.8538,0,0,12970.75,12885.25,long
IS,2022-08-04T00:00:00,,loss,-1.0,-1.0,0,0,13300.5,13253.25,long
IS,2022-08-05T00:00:00,,loss,-1.0,-1.0,0,0,13417.5,13343.25,long
IS,2022-08-08T00:00:00,,win,1.769,1.769,0,0,13232.75,13180.25,long
IS,2022-08-09T00:00:00,,loss,-1.0,-1.0,0,0,13122.25,13203.25,short
IS,2022-08-10T00:00:00,,loss,-1.0,-1.0,0,0,12968.75,13041.5,short
IS,2022-08-11T00:00:00,,loss,-1.0,-1.0,0,0,13416.25,13458.25,short
IS,2022-08-12T00:00:00,,win,1.8005,1.8005,0,0,13376.0,13314.5,long
IS,2022-08-15T00:00:00,,loss,-1.0,-1.0,0,0,13594.25,13529.0,long
IS,2022-08-16T00:00:00,,loss,-1.0,-1.0,0,0,13710.5,13646.75,long
IS,2022-08-17T00:00:00,,loss,-1.0,-1.0,0,0,13614.25,13655.5,short
IS,2022-08-18T00:00:00,,loss,-1.0,-1.0,0,0,13526.5,13453.75,long
IS,2022-08-19T00:00:00,,loss,-1.0,-1.0,0,0,13478.25,13511.25,short
IS,2022-08-22T00:00:00,,loss,-1.0,-1.0,0,0,13254.0,13182.75,long
IS,2022-08-23T00:00:00,,loss,-1.0,-1.0,0,0,12998.75,12921.5,long
IS,2022-08-24T00:00:00,,win,1.6413,1.6413,0,0,12855.5,12887.75,short
IS,2022-08-25T00:00:00,,win,1.6554,1.6554,0,0,12993.0,12959.25,long
IS,2022-08-26T00:00:00,,loss,-1.0,-1.0,0,0,13189.75,13135.75,long
IS,2022-08-29T00:00:00,,win,1.879,1.879,0,0,12505.75,12401.5,long
IS,2022-08-30T00:00:00,,loss,-1.0,-1.0,0,0,12446.25,12534.75,short
IS,2022-08-31T00:00:00,,win,1.662,1.662,0,0,12431.0,12396.5,long
IS,2022-09-01T00:00:00,,loss,-1.0,-1.0,0,0,12235.0,12146.5,long
IS,2022-09-02T00:00:00,,loss,-1.0,-1.0,0,0,12253.75,12299.5,short
IS,2022-09-05T00:00:00,,loss,-1.0,-1.0,0,0,12037.25,12136.25,short
IS,2022-09-06T00:00:00,,win,1.8419,1.8419,0,0,12154.5,12233.25,short
IS,2022-09-07T00:00:00,,win,1.8191,1.8191,0,0,12002.0,11933.75,long
IS,2022-09-08T00:00:00,,loss,-1.0,-1.0,0,0,12233.5,12295.0,short
IS,2022-09-09T00:00:00,,loss,-1.0,-1.0,0,0,12338.5,12389.5,short
IS,2022-09-12T00:00:00,,loss,-1.0,-1.0,0,0,12729.75,12670.5,long
IS,2022-09-13T00:00:00,,loss,-1.0,-1.0,0,0,12803.5,12849.25,short
IS,2022-09-14T00:00:00,,loss,-1.0,-1.0,0,0,12192.75,12105.0,long
IS,2022-09-15T00:00:00,,loss,-1.0,-1.0,0,0,12296.25,12212.25,long
IS,2022-09-16T00:00:00,,loss,-1.0,-1.0,0,0,11952.5,11902.25,long
IS,2022-09-19T00:00:00,,win,1.8209,1.8209,0,0,11877.0,11946.0,short
IS,2022-09-20T00:00:00,,loss,-1.0,-1.0,0,0,11981.0,12062.0,short
IS,2022-09-21T00:00:00,,loss,-1.0,-1.0,0,0,11839.5,11949.0,short
IS,2022-09-22T00:00:00,,win,1.8883,1.8883,0,0,11663.5,11550.25,long
IS,2022-09-23T00:00:00,,win,1.7859,1.7859,0,0,11528.0,11585.0,short
IS,2022-09-26T00:00:00,,loss,-1.0,-1.0,0,0,11388.25,11284.0,long
IS,2022-09-27T00:00:00,,loss,-1.0,-1.0,0,0,11331.25,11422.0,short
IS,2022-09-28T00:00:00,,loss,-1.0,-1.0,0,0,11085.0,11376.0,short
IS,2022-09-29T00:00:00,,loss,-1.0,-1.0,0,0,11499.25,11547.25,short
IS,2022-09-30T00:00:00,,loss,-1.0,-1.0,0,0,11309.25,11223.0,long
IS,2022-10-03T00:00:00,,win,1.9356,1.9356,0,0,11106.25,10906.75,long
IS,2022-10-04T00:00:00,,loss,-1.0,-1.0,0,0,11331.25,11385.25,short
IS,2022-10-05T00:00:00,,win,1.8619,1.8619,0,0,11522.25,11613.0,short
IS,2022-10-06T00:00:00,,loss,-1.0,-1.0,0,0,11600.25,11713.5,short
IS,2022-10-07T00:00:00,,loss,-1.0,-1.0,0,0,11597.0,11509.25,long
IS,2022-10-10T00:00:00,,loss,-1.0,-1.0,0,0,11128.0,11035.75,long
IS,2022-10-11T00:00:00,,win,1.8345,1.8345,0,0,10954.25,11029.25,short
IS,2022-10-12T00:00:00,,loss,-1.0,-1.0,0,0,10815.5,10898.75,short
IS,2022-10-13T00:00:00,,win,1.8172,1.8172,0,0,10811.0,10878.5,short
IS,2022-10-14T00:00:00,,win,1.8191,1.8191,0,0,11121.75,11053.5,long
IS,2022-10-17T00:00:00,,loss,-1.0,-1.0,0,0,10857.25,10771.75,long
IS,2022-10-18T00:00:00,,loss,-1.0,-1.0,0,0,11143.5,11214.0,short
IS,2022-10-19T00:00:00,,loss,-1.0,-1.0,0,0,11381.5,11338.75,long
IS,2022-10-20T00:00:00,,win,1.9091,1.9091,0,0,11152.25,11012.0,long
IS,2022-10-21T00:00:00,,loss,-1.0,-1.0,0,0,11091.75,11010.75,long
IS,2022-10-24T00:00:00,,win,1.9015,1.9015,0,0,11320.25,11449.25,short
IS,2022-10-25T00:00:00,,win,1.9331,1.9331,0,0,11623.25,11431.25,long
IS,2022-10-26T00:00:00,,win,1.8651,1.8651,0,0,11529.75,11436.75,long
IS,2022-10-27T00:00:00,,loss,-1.0,-1.0,0,0,11429.0,11517.5,short
IS,2022-10-28T00:00:00,,loss,-1.0,-1.0,0,0,11259.25,11144.5,long
IS,2022-10-31T00:00:00,,win,1.772,1.772,0,0,11572.25,11519.0,long
IS,2022-11-01T00:00:00,,loss,-1.0,-1.0,0,0,11527.25,11480.0,long
IS,2022-11-02T00:00:00,,loss,-1.0,-1.0,0,0,11399.0,11359.25,long
IS,2022-11-03T00:00:00,,loss,-1.0,-1.0,0,0,11048.25,10938.75,long
IS,2022-11-04T00:00:00,,win,1.791,1.791,0,0,10774.75,10716.25,long
IS,2020-07-03T00:00:00,,loss,-1.0,-1.0,0,0,10301.5,10372.0,short
IS,2020-07-06T00:00:00,,win,1.8501,1.8501,0,0,10501.75,10418.5,long
IS,2020-07-07T00:00:00,,loss,-1.0,-1.0,0,0,10509.75,10664.25,short
IS,2020-07-08T00:00:00,,loss,-1.0,-1.0,0,0,10595.0,10552.25,long
IS,2020-07-09T00:00:00,,loss,-1.0,-1.0,0,0,10603.25,10676.75,short
IS,2020-07-10T00:00:00,,loss,-1.0,-1.0,0,0,10631.0,10723.25,short
IS,2020-07-13T00:00:00,,loss,-1.0,-1.0,0,0,10836.0,10899.75,short
IS,2020-07-14T00:00:00,,loss,-1.0,-1.0,0,0,10733.0,10610.75,long
IS,2020-07-15T00:00:00,,win,1.6862,1.6862,0,0,10687.25,10724.75,short
IS,2020-07-16T00:00:00,,win,1.8846,1.8846,0,0,10527.25,10636.75,short
IS,2020-07-17T00:00:00,,win,1.8608,1.8608,0,0,10651.0,10561.0,long
IS,2020-07-20T00:00:00,,loss,-1.0,-1.0,0,0,10421.0,10638.5,short
IS,2020-07-21T00:00:00,,loss,-1.0,-1.0,0,0,10944.25,11008.0,short
IS,2020-07-22T00:00:00,,loss,-1.0,-1.0,0,0,10942.75,10845.25,long
IS,2020-07-23T00:00:00,,loss,-1.0,-1.0,0,0,10901.5,10810.0,long
IS,2020-07-24T00:00:00,,win,1.7256,1.7256,0,0,10554.25,10597.75,short
IS,2020-07-27T00:00:00,,loss,-1.0,-1.0,0,0,10420.5,10516.5,short
IS,2020-07-28T00:00:00,,win,1.8433,1.8433,0,0,10679.0,10758.5,short
IS,2020-07-29T00:00:00,,loss,-1.0,-1.0,0,0,10498.25,10577.75,short
IS,2020-07-30T00:00:00,,loss,-1.0,-1.0,0,0,10645.5,10677.0,short
IS,2020-07-31T00:00:00,,loss,-1.0,-1.0,0,0,10977.75,10890.0,long
IS,2020-08-03T00:00:00,,loss,-1.0,-1.0,0,0,11021.0,10918.25,long
IS,2020-08-04T00:00:00,,loss,-1.0,-1.0,0,0,11135.25,11039.25,long
IS,2020-08-05T00:00:00,,loss,-1.0,-1.0,0,0,11035.5,11073.75,short
IS,2020-08-06T00:00:00,,win,1.772,1.772,0,0,11072.5,11125.75,short
IS,2020-08-07T00:00:00,,win,1.8245,1.8245,0,0,11201.5,11272.0,short
IS,2020-08-10T00:00:00,,loss,-1.0,-1.0,0,0,11142.25,11089.0,long
IS,2020-08-11T00:00:00,,win,1.7833,1.7833,0,0,11142.5,11086.25,long
IS,2020-08-12T00:00:00,,loss,-1.0,-1.0,0,0,10825.0,10927.0,short
IS,2020-08-13T00:00:00,,win,1.855,1.855,0,0,11180.5,11094.25,long
IS,2020-08-14T00:00:00,,loss,-1.0,-1.0,0,0,11247.5,11184.5,long
IS,2020-08-17T00:00:00,,win,1.6805,1.6805,0,0,11190.0,11153.25,long
IS,2020-08-18T00:00:00,,loss,-1.0,-1.0,0,0,11263.25,11305.25,short
IS,2020-08-19T00:00:00,,loss,-1.0,-1.0,0,0,11463.75,11405.25,long
IS,2020-08-20T00:00:00,,loss,-1.0,-1.0,0,0,11197.25,11294.75,short
IS,2020-08-21T00:00:00,,win,1.7959,1.7959,0,0,11464.25,11524.25,short
IS,2020-08-24T00:00:00,,win,1.7935,1.7935,0,0,11639.25,11580.0,long
IS,2020-08-25T00:00:00,,loss,-1.0,-1.0,0,0,11707.0,11649.25,long
IS,2020-08-26T00:00:00,,loss,-1.0,-1.0,0,0,11770.25,11729.75,long
IS,2020-08-27T00:00:00,,loss,-1.0,-1.0,0,0,11932.5,11980.5,short
IS,2020-08-28T00:00:00,,win,1.828,1.828,0,0,12007.0,11935.0,long
IS,2020-08-31T00:00:00,,loss,-1.0,-1.0,0,0,12114.25,12072.25,long
IS,2020-09-01T00:00:00,,win,1.7212,1.7212,0,0,12171.0,12128.25,long
IS,2020-09-02T00:00:00,,loss,-1.0,-1.0,0,0,12339.25,12395.5,short
IS,2020-09-03T00:00:00,,loss,-1.0,-1.0,0,0,12434.0,12359.75,long
IS,2020-09-04T00:00:00,,loss,-1.0,-1.0,0,0,11503.5,11710.5,short
IS,2020-09-07T00:00:00,,loss,-1.0,-1.0,0,0,11307.0,11478.75,short
IS,2020-09-08T00:00:00,,loss,-1.0,-1.0,0,0,11604.5,11513.75,long
IS,2020-09-09T00:00:00,,loss,-1.0,-1.0,0,0,11237.5,11088.25,long
IS,2020-09-10T00:00:00,,loss,-1.0,-1.0,0,0,11285.25,11393.25,short
IS,2020-09-11T00:00:00,,loss,-1.0,-1.0,0,0,11316.0,11230.5,long
IS,2020-09-14T00:00:00,,win,1.8329,1.8329,0,0,11227.25,11153.0,long
IS,2020-09-15T00:00:00,,win,1.8513,1.8513,0,0,11318.0,11234.0,long
IS,2020-09-16T00:00:00,,win,1.769,1.769,0,0,11457.5,11405.0,long
IS,2020-09-17T00:00:00,,loss,-1.0,-1.0,0,0,11270.0,11186.0,long
IS,2020-09-18T00:00:00,,loss,-1.0,-1.0,0,0,11224.5,11023.5,long
IS,2020-09-21T00:00:00,,win,1.9221,1.9221,0,0,10822.75,10987.0,short
IS,2020-09-22T00:00:00,,loss,-1.0,-1.0,0,0,10811.25,11029.5,short
IS,2020-09-23T00:00:00,,win,1.805,1.805,0,0,11139.0,11076.0,long
IS,2020-09-24T00:00:00,,win,1.9031,1.9031,0,0,10715.75,10847.0,short
IS,2020-09-25T00:00:00,,win,1.8296,1.8296,0,0,10903.75,10976.5,short
IS,2020-09-28T00:00:00,,win,1.8597,1.8597,0,0,11233.75,11144.5,long
IS,2020-09-29T00:00:00,,loss,-1.0,-1.0,0,0,11378.25,11443.5,short
IS,2020-09-30T00:00:00,,loss,-1.0,-1.0,0,0,11475.25,11330.5,long
IS,2020-10-01T00:00:00,,win,1.9266,1.9266,0,0,11583.75,11409.0,long
IS,2020-10-02T00:00:00,,loss,-1.0,-1.0,0,0,11505.5,11558.75,short
IS,2020-10-05T00:00:00,,loss,-1.0,-1.0,0,0,11312.75,11363.75,short
IS,2020-10-06T00:00:00,,loss,-1.0,-1.0,0,0,11505.5,11428.25,long
IS,2020-10-07T00:00:00,,win,1.836,1.836,0,0,11318.75,11243.0,long
IS,2020-10-08T00:00:00,,win,1.7833,1.7833,0,0,11533.5,11477.25,long
IS,2020-10-09T00:00:00,,loss,-1.0,-1.0,0,0,11610.75,11567.25,long
IS,2020-10-12T00:00:00,,win,1.7959,1.7959,0,0,11783.25,11723.25,long
IS,2020-10-13T00:00:00,,loss,-1.0,-1.0,0,0,12001.0,12080.5,short
IS,2020-10-14T00:00:00,,loss,-1.0,-1.0,0,0,12225.25,12112.0,long
IS,2020-10-15T00:00:00,,scratch,-0.0442,-0.0442,1,0,11733.5,11963.75,short
IS,2020-10-16T00:00:00,,win,1.8823,1.8823,0,0,11834.25,11941.5,short
IS,2020-10-19T00:00:00,,loss,-1.0,-1.0,0,0,11946.75,11877.0,long
IS,2020-10-20T00:00:00,,loss,-1.0,-1.0,0,0,11601.25,11725.75,short
IS,2020-10-21T00:00:00,,loss,-1.0,-1.0,0,0,11686.75,11728.75,short
IS,2020-10-22T00:00:00,,loss,-1.0,-1.0,0,0,11554.5,11636.25,short
IS,2020-10-23T00:00:00,,loss,-1.0,-1.0,0,0,11718.75,11625.75,long
IS,2020-10-26T00:00:00,,win,1.712,1.712,0,0,11595.25,11636.5,short
IS,2020-10-27T00:00:00,,loss,-1.0,-1.0,0,0,11465.25,11526.75,short
IS,2020-10-28T00:00:00,,loss,-1.0,-1.0,0,0,11573.5,11528.5,long
IS,2020-10-29T00:00:00,,win,1.7595,1.7595,0,0,11261.0,11210.75,long
IS,2020-10-30T00:00:00,,loss,-1.0,-1.0,0,0,11252.25,11160.75,long
IS,2020-11-02T00:00:00,,win,1.9141,1.9141,0,0,11143.75,10995.25,long
IS,2020-11-03T00:00:00,,loss,-1.0,-1.0,0,0,11200.5,11074.5,long
IS,2020-11-04T00:00:00,,win,1.9513,1.9513,0,0,11501.25,11235.75,long
IS,2020-11-05T00:00:00,,loss,-1.0,-1.0,0,0,11755.5,11857.5,short
IS,2020-11-06T00:00:00,,loss,-1.0,-1.0,0,0,12129.25,11978.5,long
IS,2020-11-09T00:00:00,,loss,-1.0,-1.0,0,0,12492.75,12288.75,long
IS,2020-11-10T00:00:00,,loss,-1.0,-1.0,0,0,11917.25,11819.0,long
IS,2020-11-11T00:00:00,,loss,-1.0,-1.0,0,0,11699.75,11586.5,long
IS,2020-11-12T00:00:00,,win,1.8405,1.8405,0,0,11806.25,11884.25,short
IS,2020-11-13T00:00:00,,loss,-1.0,-1.0,0,0,11783.25,11850.0,short
IS,2020-11-16T00:00:00,,loss,-1.0,-1.0,0,0,12002.75,12049.25,short
IS,2020-11-17T00:00:00,,win,1.712,1.712,0,0,12014.75,12056.0,short
IS,2020-11-18T00:00:00,,loss,-1.0,-1.0,0,0,11988.75,11941.5,long
IS,2020-11-19T00:00:00,,loss,-1.0,-1.0,0,0,11822.5,11887.0,short
IS,2020-11-20T00:00:00,,loss,-1.0,-1.0,0,0,12044.5,11944.0,long
IS,2020-11-23T00:00:00,,loss,-1.0,-1.0,0,0,11922.25,11952.25,short
IS,2020-11-24T00:00:00,,loss,-1.0,-1.0,0,0,11998.25,11939.0,long
IS,2020-11-25T00:00:00,,loss,-1.0,-1.0,0,0,12076.75,12173.5,short
IS,2020-11-26T00:00:00,,win,1.591,1.591,0,0,12203.75,12176.0,long
IS,2020-11-27T00:00:00,,loss,-1.0,-1.0,0,0,12118.75,12162.25,short
IS,2020-11-30T00:00:00,,loss,-1.0,-1.0,0,0,12351.5,12253.25,long
IS,2020-12-01T00:00:00,,loss,-1.0,-1.0,0,0,12338.5,12379.0,short
IS,2020-12-02T00:00:00,,loss,-1.0,-1.0,0,0,12362.25,12438.75,short
IS,2020-12-03T00:00:00,,win,1.5112,1.5112,0,0,12482.0,12459.5,long
IS,2020-12-04T00:00:00,,loss,-1.0,-1.0,0,0,12471.75,12499.5,short
IS,2020-12-07T00:00:00,,win,1.8191,1.8191,0,0,12484.75,12553.0,short
IS,2020-12-08T00:00:00,,loss,-1.0,-1.0,0,0,12512.25,12583.5,short
IS,2020-12-09T00:00:00,,win,1.805,1.805,0,0,12597.75,12660.75,short
IS,2020-12-10T00:00:00,,win,1.7417,1.7417,0,0,12318.25,12364.75,short
IS,2020-12-11T00:00:00,,win,1.8133,1.8133,0,0,12335.75,12401.75,short
IS,2020-12-14T00:00:00,,loss,-1.0,-1.0,0,0,12386.75,12426.5,short
IS,2020-12-15T00:00:00,,win,1.6746,1.6746,0,0,12451.25,12487.25,short
IS,2020-12-16T00:00:00,,loss,-1.0,-1.0,0,0,12570.5,12594.5,short
IS,2020-12-17T00:00:00,,loss,-1.0,-1.0,0,0,12651.25,12688.0,short
IS,2020-12-18T00:00:00,,win,1.591,1.591,0,0,12712.25,12740.0,short
IS,2020-12-21T00:00:00,,loss,-1.0,-1.0,0,0,12696.5,12757.25,short
IS,2020-12-22T00:00:00,,loss,-1.0,-1.0,0,0,12801.5,12685.25,long
IS,2020-12-23T00:00:00,,loss,-1.0,-1.0,0,0,12747.25,12645.25,long
IS,2020-12-24T00:00:00,,loss,-1.0,-1.0,0,0,12613.25,12662.75,short
IS,2020-12-28T00:00:00,,win,1.8092,1.8092,0,0,12798.75,12734.25,long
IS,2020-12-30T00:00:00,,win,1.7256,1.7256,0,0,12871.25,12827.75,long
IS,2020-12-31T00:00:00,,loss,-1.0,-1.0,0,0,12876.5,12840.5,long
IS,2021-01-04T00:00:00,,win,1.7959,1.7959,0,0,12893.25,12833.25,long
IS,2021-01-05T00:00:00,,loss,-1.0,-1.0,0,0,12782.25,12693.0,long
IS,2021-01-06T00:00:00,,loss,-1.0,-1.0,0,0,12416.75,12792.5,short
IS,2021-01-07T00:00:00,,loss,-1.0,-1.0,0,0,12614.0,12737.75,short
IS,2021-01-08T00:00:00,,win,1.7561,1.7561,0,0,12988.25,12938.75,long
IS,2021-01-11T00:00:00,,win,1.855,1.855,0,0,12998.75,13085.0,short
IS,2021-01-12T00:00:00,,loss,-1.0,-1.0,0,0,12821.0,12944.0,short
IS,2021-01-13T00:00:00,,win,1.6413,1.6413,0,0,12919.5,12887.25,long
IS,2021-01-14T00:00:00,,loss,-1.0,-1.0,0,0,13043.0,12993.5,long
IS,2021-01-15T00:00:00,,loss,-1.0,-1.0,0,0,12999.0,12868.5,long
IS,2021-01-18T00:00:00,,loss,-1.0,-1.0,0,0,12692.25,12780.0,short
IS,2021-01-19T00:00:00,,win,1.4665,1.4665,0,0,12885.25,12865.0,long
IS,2021-01-20T00:00:00,,win,1.8474,1.8474,0,0,13099.75,13018.0,long
IS,2021-01-21T00:00:00,,loss,-1.0,-1.0,0,0,13461.0,13344.75,long
IS,2021-01-22T00:00:00,,win,1.7379,1.7379,0,0,13331.25,13377.0,short
IS,2021-01-25T00:00:00,,win,1.7778,1.7778,0,0,13483.5,13428.75,long
IS,2021-01-26T00:00:00,,win,1.8005,1.8005,0,0,13389.5,13451.0,short
IS,2021-01-27T00:00:00,,loss,-1.0,-1.0,0,0,13600.75,13539.25,long
IS,2021-01-28T00:00:00,,loss,-1.0,-1.0,0,0,13273.25,13007.0,long
IS,2021-01-29T00:00:00,,win,1.8968,1.8968,0,0,13037.75,13160.75,short
IS,2021-02-01T00:00:00,,win,1.9128,1.9128,0,0,12961.75,12815.5,long
IS,2021-02-02T00:00:00,,win,1.9429,1.9429,0,0,13477.75,13252.0,long
IS,2021-02-03T00:00:00,,loss,-1.0,-1.0,0,0,13451.0,13529.0,short
IS,2021-02-04T00:00:00,,loss,-1.0,-1.0,0,0,13476.0,13413.0,long
IS,2021-02-05T00:00:00,,win,1.7022,1.7022,0,0,13568.0,13528.25,long
IS,2021-02-09T00:00:00,,loss,-1.0,-1.0,0,0,13703.75,13658.0,long
IS,2021-02-10T00:00:00,,loss,-1.0,-1.0,0,0,13776.25,13683.25,long
IS,2021-02-11T00:00:00,,win,1.7417,1.7417,0,0,13663.25,13616.75,long
IS,2021-02-12T00:00:00,,win,1.6805,1.6805,0,0,13695.75,13732.5,short
IS,2021-02-15T00:00:00,,loss,-1.0,-1.0,0,0,13812.75,13866.75,short
IS,2021-02-16T00:00:00,,loss,-1.0,-1.0,0,0,13930.5,13872.75,long
IS,2021-02-17T00:00:00,,win,1.8313,1.8313,0,0,13767.75,13694.25,long
IS,2021-02-18T00:00:00,,win,1.7256,1.7256,0,0,13674.0,13717.5,short
IS,2021-02-19T00:00:00,,loss,-1.0,-1.0,0,0,13492.25,13643.0,short
IS,2021-02-22T00:00:00,,win,1.8296,1.8296,0,0,13556.25,13629.0,short
IS,2021-02-23T00:00:00,,loss,-1.0,-1.0,0,0,13339.5,13205.25,long
IS,2021-02-24T00:00:00,,loss,-1.0,-1.0,0,0,13352.25,13167.0,long
IS,2021-02-25T00:00:00,,loss,-1.0,-1.0,0,0,13416.0,13276.5,long
IS,2021-02-26T00:00:00,,loss,-1.0,-1.0,0,0,12646.25,12818.75,short
IS,2021-03-01T00:00:00,,win,1.8904,1.8904,0,0,13143.0,13027.5,long
IS,2021-03-02T00:00:00,,win,1.8071,1.8071,0,0,13258.75,13322.5,short
IS,2021-03-03T00:00:00,,loss,-1.0,-1.0,0,0,13207.0,13072.0,long
IS,2021-03-04T00:00:00,,loss,-1.0,-1.0,0,0,12730.0,12609.25,long
IS,2021-03-05T00:00:00,,win,1.9037,1.9037,0,0,12437.5,12305.5,long
IS,2021-03-08T00:00:00,,win,1.9333,1.9333,0,0,12489.25,12682.0,short
IS,2021-03-09T00:00:00,,loss,-1.0,-1.0,0,0,12245.25,12408.75,short
IS,2021-03-10T00:00:00,,win,1.839,1.839,0,0,12725.5,12802.75,short
IS,2021-03-11T00:00:00,,win,1.8488,1.8488,0,0,12812.5,12730.0,long
IS,2021-03-12T00:00:00,,win,1.7167,1.7167,0,0,13053.0,13095.0,short
IS,2021-03-15T00:00:00,,win,1.8876,1.8876,0,0,12886.75,12999.25,short
IS,2021-03-16T00:00:00,,win,1.871,1.871,0,0,13168.25,13070.75,long
IS,2021-03-17T00:00:00,,win,1.839,1.839,0,0,13065.75,13143.0,short
IS,2021-03-18T00:00:00,,win,1.8574,1.8574,0,0,13179.0,13266.75,short
IS,2021-03-19T00:00:00,,loss,-1.0,-1.0,0,0,12892.75,12774.25,long
IS,2021-03-22T00:00:00,,win,1.8924,1.8924,0,0,12937.25,12819.5,long
IS,2021-03-23T00:00:00,,loss,-1.0,-1.0,0,0,12976.5,13071.75,short
IS,2021-03-24T00:00:00,,loss,-1.0,-1.0,0,0,12996.25,13073.5,short
IS,2021-03-25T00:00:00,,loss,-1.0,-1.0,0,0,12713.0,12820.25,short
IS,2021-03-26T00:00:00,,win,1.769,1.769,0,0,12832.75,12780.25,long
IS,2021-03-29T00:00:00,,loss,-1.0,-1.0,0,0,12962.75,12852.5,long
IS,2021-03-30T00:00:00,,win,1.8447,1.8447,0,0,12866.75,12947.0,short
IS,2021-03-31T00:00:00,,loss,-1.0,-1.0,0,0,12840.25,12925.0,short
IS,2021-04-01T00:00:00,,loss,-1.0,-1.0,0,0,13089.5,13127.0,short
IS,2021-04-02T00:00:00,,loss,-1.0,-1.0,0,0,13330.25,13352.0,short
IS,2021-04-06T00:00:00,,win,1.839,1.839,0,0,13533.0,13610.25,short
IS,2021-04-07T00:00:00,,win,1.6485,1.6485,0,0,13561.0,13594.0,short
IS,2021-04-08T00:00:00,,win,1.6004,1.6004,0,0,13665.0,13636.5,long
IS,2021-04-09T00:00:00,,win,1.7527,1.7527,0,0,13792.25,13841.0,short
IS,2021-04-12T00:00:00,,loss,-1.0,-1.0,0,0,13766.25,13818.0,short
IS,2021-04-13T00:00:00,,loss,-1.0,-1.0,0,0,13840.75,13810.75,long
IS,2021-04-14T00:00:00,,loss,-1.0,-1.0,0,0,13939.25,13985.75,short
IS,2021-04-15T00:00:00,,loss,-1.0,-1.0,0,0,13783.75,13830.25,short
IS,2021-04-16T00:00:00,,loss,-1.0,-1.0,0,0,13922.75,13988.0,short
IS,2021-04-19T00:00:00,,loss,-1.0,-1.0,0,0,13961.0,14012.0,short
IS,2021-04-20T00:00:00,,loss,-1.0,-1.0,0,0,13972.25,13905.5,long
IS,2021-04-21T00:00:00,,loss,-1.0,-1.0,0,0,13699.25,13756.25,short
IS,2021-04-22T00:00:00,,loss,-1.0,-1.0,0,0,13955.25,13885.5,long
IS,2021-04-23T00:00:00,,loss,-1.0,-1.0,0,0,13728.25,13778.5,short
IS,2021-04-26T00:00:00,,loss,-1.0,-1.0,0,0,13961.25,13917.0,long
IS,2021-04-27T00:00:00,,loss,-1.0,-1.0,0,0,14042.5,14015.5,long
IS,2021-04-28T00:00:00,,loss,-1.0,-1.0,0,0,14005.5,13953.75,long
IS,2021-04-29T00:00:00,,win,1.8263,1.8263,0,0,14056.0,13984.75,long
IS,2021-04-30T00:00:00,,win,1.7022,1.7022,0,0,13867.75,13907.5,short
IS,2021-05-03T00:00:00,,win,1.6971,1.6971,0,0,13864.75,13903.75,short
IS,2021-05-04T00:00:00,,loss,-1.0,-1.0,0,0,13817.25,13723.5,long
IS,2021-05-05T00:00:00,,loss,-1.0,-1.0,0,0,13528.25,13560.5,short
IS,2021-05-06T00:00:00,,win,1.7749,1.7749,0,0,13475.0,13529.0,short
IS,2021-05-07T00:00:00,,loss,-1.0,-1.0,0,0,13675.75,13639.75,long
IS,2021-05-10T00:00:00,,loss,-1.0,-1.0,0,0,13771.5,13731.75,long
IS,2021-05-11T00:00:00,,loss,-1.0,-1.0,0,0,13334.75,13176.5,long
IS,2021-05-12T00:00:00,,loss,-1.0,-1.0,0,0,13375.0,13270.75,long
IS,2021-05-13T00:00:00,,loss,-1.0,-1.0,0,0,13117.0,13020.25,long
IS,2021-05-14T00:00:00,,win,1.8962,1.8962,0,0,13269.5,13147.25,long
IS,2021-05-17T00:00:00,,loss,-1.0,-1.0,0,0,13439.25,13353.0,long
IS,2021-05-18T00:00:00,,loss,-1.0,-1.0,0,0,13403.5,13339.75,long
IS,2021-05-19T00:00:00,,win,1.872,1.872,0,0,13118.0,13216.25,short
IS,2021-05-20T00:00:00,,loss,-1.0,-1.0,0,0,13304.75,13186.25,long
IS,2021-05-21T00:00:00,,win,1.7298,1.7298,0,0,13502.5,13546.75,short
IS,2021-05-24T00:00:00,,loss,-1.0,-1.0,0,0,13348.0,13444.0,short
IS,2021-05-25T00:00:00,,win,1.8651,1.8651,0,0,13736.25,13643.25,long
IS,2021-05-26T00:00:00,,loss,-1.0,-1.0,0,0,13756.75,13697.5,long
IS,2021-05-27T00:00:00,,loss,-1.0,-1.0,0,0,13609.75,13696.0,short
IS,2021-05-28T00:00:00,,loss,-1.0,-1.0,0,0,13647.5,13707.5,short
IS,2021-05-31T00:00:00,,loss,-1.0,-1.0,0,0,13676.5,13711.75,short
IS,2021-06-01T00:00:00,,loss,-1.0,-1.0,0,0,13654.75,13699.0,short
IS,2021-06-02T00:00:00,,loss,-1.0,-1.0,0,0,13612.5,13658.25,short
IS,2021-06-03T00:00:00,,win,1.7022,1.7022,0,0,13664.5,13704.25,short
IS,2021-06-04T00:00:00,,win,1.537,1.537,0,0,13512.0,13488.0,long
IS,2021-06-07T00:00:00,,loss,-1.0,-1.0,0,0,13705.5,13752.75,short
IS,2021-06-08T00:00:00,,win,1.8209,1.8209,0,0,13797.75,13866.75,short
IS,2021-06-09T00:00:00,,loss,-1.0,-1.0,0,0,13776.0,13832.25,short
IS,2021-06-10T00:00:00,,loss,-1.0,-1.0,0,0,13867.0,13821.25,long
IS,2021-06-11T00:00:00,,win,1.6862,1.6862,0,0,13941.0,13978.5,short
IS,2021-06-14T00:00:00,,loss,-1.0,-1.0,0,0,13979.75,14017.25,short
IS,2021-06-15T00:00:00,,win,1.7167,1.7167,0,0,14113.25,14155.25,short
IS,2021-06-16T00:00:00,,loss,-1.0,-1.0,0,0,14063.75,14023.25,long
IS,2021-06-17T00:00:00,,win,1.879,1.879,0,0,13957.5,13853.25,long
IS,2021-06-18T00:00:00,,loss,-1.0,-1.0,0,0,14208.75,14173.5,long
IS,2021-06-21T00:00:00,,win,1.7659,1.7659,0,0,13986.75,14038.5,short
IS,2021-06-22T00:00:00,,loss,-1.0,-1.0,0,0,14166.25,14135.5,long
IS,2021-06-23T00:00:00,,loss,-1.0,-1.0,0,0,14261.25,14289.0,short
IS,2021-06-24T00:00:00,,win,1.6004,1.6004,0,0,14318.75,14290.25,long
IS,2021-06-25T00:00:00,,loss,-1.0,-1.0,0,0,14299.0,14353.0,short
IS,2021-06-28T00:00:00,,win,1.7212,1.7212,0,0,14376.25,14333.5,long
IS,2021-06-29T00:00:00,,loss,-1.0,-1.0,0,0,14455.75,14486.5,short
IS,2021-06-30T00:00:00,,win,1.4971,1.4971,0,0,14569.5,14591.25,short
IS,2021-07-01T00:00:00,,win,1.5112,1.5112,0,0,14553.5,14576.0,short
IS,2021-07-02T00:00:00,,win,1.6485,1.6485,0,0,14513.75,14546.75,short
IS,2021-07-05T00:00:00,,win,1.5489,1.5489,0,0,14689.5,14714.25,short
IS,2021-07-06T00:00:00,,loss,-1.0,-1.0,0,0,14668.75,14716.75,short
IS,2021-07-07T00:00:00,,win,1.7212,1.7212,0,0,14806.0,14763.25,long
IS,2021-07-08T00:00:00,,loss,-1.0,-1.0,0,0,14838.75,14797.5,long
IS,2021-07-09T00:00:00,,loss,-1.0,-1.0,0,0,14708.75,14662.25,long
IS,2021-07-12T00:00:00,,loss,-1.0,-1.0,0,0,14779.75,14828.5,short
IS,2021-07-13T00:00:00,,loss,-1.0,-1.0,0,0,14859.5,14880.5,short
IS,2021-07-14T00:00:00,,loss,-1.0,-1.0,0,0,14926.0,14860.75,long
IS,2021-07-15T00:00:00,,win,1.7417,1.7417,0,0,14921.75,14875.25,long
IS,2021-07-16T00:00:00,,loss,-1.0,-1.0,0,0,14780.5,14737.0,long
IS,2021-07-19T00:00:00,,loss,-1.0,-1.0,0,0,14575.75,14644.0,short
IS,2021-07-20T00:00:00,,loss,-1.0,-1.0,0,0,14663.25,14596.5,long
IS,2021-07-21T00:00:00,,win,1.7561,1.7561,0,0,14690.75,14740.25,short
IS,2021-07-22T00:00:00,,loss,-1.0,-1.0,0,0,14858.5,14834.5,long
IS,2021-07-23T00:00:00,,win,1.5489,1.5489,0,0,14971.25,14996.0,short
IS,2021-07-26T00:00:00,,loss,-1.0,-1.0,0,0,15152.5,15074.5,long
IS,2021-07-27T00:00:00,,loss,-1.0,-1.0,0,0,15135.0,15096.0,long
IS,2021-07-28T00:00:00,,win,1.7806,1.7806,0,0,14903.0,14958.5,short
IS,2021-07-29T00:00:00,,loss,-1.0,-1.0,0,0,14931.0,14994.0,short
IS,2021-07-30T00:00:00,,loss,-1.0,-1.0,0,0,14883.75,14831.25,long
IS,2021-08-02T00:00:00,,loss,-1.0,-1.0,0,0,14988.5,15026.0,short
IS,2021-08-03T00:00:00,,loss,-1.0,-1.0,0,0,14925.75,14979.75,short
IS,2021-08-04T00:00:00,,loss,-1.0,-1.0,0,0,15013.0,15040.75,short
IS,2021-08-05T00:00:00,,loss,-1.0,-1.0,0,0,15123.0,15088.5,long
IS,2021-08-06T00:00:00,,loss,-1.0,-1.0,0,0,15177.75,15159.0,long
IS,2021-08-09T00:00:00,,win,1.5112,1.5112,0,0,15046.0,15023.5,long
IS,2021-08-10T00:00:00,,loss,-1.0,-1.0,0,0,15090.75,15126.0,short
IS,2021-08-11T00:00:00,,loss,-1.0,-1.0,0,0,15059.0,15023.0,long
IS,2021-08-12T00:00:00,,loss,-1.0,-1.0,0,0,15025.5,14999.25,long
IS,2021-08-13T00:00:00,,loss,-1.0,-1.0,0,0,15085.75,15064.75,long
IS,2021-08-16T00:00:00,,loss,-1.0,-1.0,0,0,15078.5,15115.25,short
IS,2021-08-17T00:00:00,,loss,-1.0,-1.0,0,0,15132.75,15109.5,long
IS,2021-08-18T00:00:00,,loss,-1.0,-1.0,0,0,15036.5,14973.5,long
IS,2021-08-19T00:00:00,,win,1.6862,1.6862,0,0,14835.5,14873.0,short
IS,2021-08-20T00:00:00,,win,1.8329,1.8329,0,0,14880.0,14954.25,short
IS,2021-08-23T00:00:00,,win,1.791,1.791,0,0,15167.5,15109.0,long
IS,2021-08-24T00:00:00,,loss,-1.0,-1.0,0,0,15310.25,15335.75,short
IS,2021-08-25T00:00:00,,loss,-1.0,-1.0,0,0,15383.0,15353.0,long
IS,2021-08-26T00:00:00,,loss,-1.0,-1.0,0,0,15312.75,15348.0,short
IS,2021-08-27T00:00:00,,win,1.7778,1.7778,0,0,15331.75,15277.0,long
IS,2021-08-30T00:00:00,,loss,-1.0,-1.0,0,0,15455.0,15424.25,long
IS,2021-08-31T00:00:00,,loss,-1.0,-1.0,0,0,15579.5,15598.25,short
IS,2021-09-01T00:00:00,,win,1.6918,1.6918,0,0,15618.0,15579.75,long
IS,2022-11-07T00:00:00,,win,1.8883,1.8883,0,0,10897.5,10784.25,long
IS,2022-11-08T00:00:00,,win,1.8071,1.8071,0,0,10991.5,11055.25,short
IS,2022-11-09T00:00:00,,win,1.8245,1.8245,0,0,11163.25,11092.75,long
IS,2022-11-10T00:00:00,,loss,-1.0,-1.0,0,0,10838.25,10883.25,short
IS,2022-11-11T00:00:00,,loss,-1.0,-1.0,0,0,11613.25,11677.0,short
IS,2022-11-14T00:00:00,,win,1.8691,1.8691,0,0,11729.5,11825.5,short
IS,2022-11-15T00:00:00,,win,1.8375,1.8375,0,0,11839.25,11762.75,long
IS,2022-11-16T00:00:00,,win,1.8296,1.8296,0,0,11911.25,11838.5,long
IS,2022-11-17T00:00:00,,win,1.7339,1.7339,0,0,11745.75,11790.75,short
IS,2022-11-18T00:00:00,,win,1.7749,1.7749,0,0,11696.0,11750.0,short
IS,2022-11-21T00:00:00,,win,1.8172,1.8172,0,0,11621.5,11689.0,short
IS,2022-11-22T00:00:00,,loss,-1.0,-1.0,0,0,11651.0,11604.5,long
IS,2022-11-23T00:00:00,,loss,-1.0,-1.0,0,0,11693.0,11738.75,short
IS,2022-11-24T00:00:00,,loss,-1.0,-1.0,0,0,11868.0,11904.75,short
IS,2022-11-25T00:00:00,,win,1.6004,1.6004,0,0,11891.0,11919.5,short
IS,2022-11-28T00:00:00,,loss,-1.0,-1.0,0,0,11620.25,11705.0,short
IS,2022-11-29T00:00:00,,loss,-1.0,-1.0,0,0,11601.5,11631.5,short
IS,2022-11-30T00:00:00,,win,1.7455,1.7455,0,0,11567.75,11520.5,long
IS,2022-12-01T00:00:00,,loss,-1.0,-1.0,0,0,12020.5,12069.25,short
IS,2022-12-02T00:00:00,,loss,-1.0,-1.0,0,0,11975.75,12019.25,short
IS,2022-12-05T00:00:00,,win,1.7659,1.7659,0,0,11947.25,11999.0,short
IS,2022-12-06T00:00:00,,loss,-1.0,-1.0,0,0,11873.25,11826.75,long
IS,2022-12-07T00:00:00,,loss,-1.0,-1.0,0,0,11610.0,11566.5,long
IS,2022-12-08T00:00:00,,win,1.9087,1.9087,0,0,11573.75,11434.25,long
IS,2022-12-09T00:00:00,,win,1.8263,1.8263,0,0,11699.75,11628.5,long
IS,2022-12-12T00:00:00,,win,1.8345,1.8345,0,0,11710.75,11635.75,long
IS,2022-12-13T00:00:00,,loss,-1.0,-1.0,0,0,11795.5,11830.75,short
IS,2022-12-14T00:00:00,,loss,-1.0,-1.0,0,0,12028.75,11977.75,long
IS,2022-12-15T00:00:00,,win,1.662,1.662,0,0,11863.5,11898.0,short
IS,2022-12-16T00:00:00,,loss,-1.0,-1.0,0,0,11500.5,11446.5,long
IS,2022-12-19T00:00:00,,loss,-1.0,-1.0,0,0,11427.0,11358.75,long
IS,2022-12-20T00:00:00,,loss,-1.0,-1.0,0,0,11194.5,11226.75,short
IS,2022-12-21T00:00:00,,loss,-1.0,-1.0,0,0,11331.25,11221.0,long
IS,2022-12-22T00:00:00,,loss,-1.0,-1.0,0,0,11423.5,11350.0,long
IS,2022-12-23T00:00:00,,loss,-1.0,-1.0,0,0,11113.25,11009.75,long
IS,2022-12-27T00:00:00,,loss,-1.0,-1.0,0,0,11217.75,11147.25,long
IS,2022-12-28T00:00:00,,loss,-1.0,-1.0,0,0,10955.75,10893.5,long
IS,2022-12-29T00:00:00,,loss,-1.0,-1.0,0,0,10750.25,10807.25,short
IS,2022-12-30T00:00:00,,loss,-1.0,-1.0,0,0,11064.5,11002.25,long
IS,2023-01-03T00:00:00,,win,1.9082,1.9082,0,0,11090.5,10951.75,long
IS,2023-01-04T00:00:00,,win,1.8405,1.8405,0,0,11026.25,10948.25,long
IS,2023-01-05T00:00:00,,win,1.7935,1.7935,0,0,10936.25,10995.5,short
IS,2023-01-06T00:00:00,,win,1.6485,1.6485,0,0,10879.25,10846.25,long
IS,2023-01-09T00:00:00,,loss,-1.0,-1.0,0,0,11104.0,11152.75,short
IS,2023-01-10T00:00:00,,loss,-1.0,-1.0,0,0,11206.0,11152.75,long
IS,2023-01-11T00:00:00,,loss,-1.0,-1.0,0,0,11221.0,11299.75,short
IS,2023-01-12T00:00:00,,loss,-1.0,-1.0,0,0,11446.0,11476.75,short
IS,2023-01-13T00:00:00,,loss,-1.0,-1.0,0,0,11448.0,11528.25,short
IS,2023-01-16T00:00:00,,loss,-1.0,-1.0,0,0,11642.0,11602.25,long
IS,2023-01-17T00:00:00,,loss,-1.0,-1.0,0,0,11515.0,11591.5,short
IS,2023-01-18T00:00:00,,win,1.7527,1.7527,0,0,11639.5,11590.75,long
IS,2023-01-19T00:00:00,,loss,-1.0,-1.0,0,0,11492.25,11448.75,long
IS,2023-01-20T00:00:00,,loss,-1.0,-1.0,0,0,11355.0,11407.5,short
IS,2023-01-23T00:00:00,,win,1.6805,1.6805,0,0,11692.5,11655.75,long
IS,2023-01-24T00:00:00,,win,1.6413,1.6413,0,0,11944.5,11912.25,long
IS,2023-01-25T00:00:00,,loss,-1.0,-1.0,0,0,11786.25,11826.75,short
IS,2023-01-26T00:00:00,,win,1.8092,1.8092,0,0,11943.75,11879.25,long
IS,2023-01-27T00:00:00,,loss,-1.0,-1.0,0,0,12010.0,12058.0,short
IS,2023-01-30T00:00:00,,win,1.8419,1.8419,0,0,12131.25,12210.0,short
IS,2023-01-31T00:00:00,,loss,-1.0,-1.0,0,0,12036.0,11978.25,long
IS,2023-02-01T00:00:00,,win,1.7212,1.7212,0,0,12127.5,12084.75,long
IS,2023-02-02T00:00:00,,loss,-1.0,-1.0,0,0,12487.75,12542.5,short
IS,2023-02-03T00:00:00,,win,1.8113,1.8113,0,0,12612.0,12677.25,short
IS,2023-02-06T00:00:00,,loss,-1.0,-1.0,0,0,12549.25,12592.75,short
IS,2023-02-07T00:00:00,,win,1.7379,1.7379,0,0,12520.75,12566.5,short
IS,2023-02-08T00:00:00,,loss,-1.0,-1.0,0,0,12811.75,12751.75,long
IS,2023-02-09T00:00:00,,loss,-1.0,-1.0,0,0,12606.0,12567.75,long
IS,2023-02-10T00:00:00,,win,1.7339,1.7339,0,0,12382.0,12427.0,short
IS,2023-02-14T00:00:00,,loss,-1.0,-1.0,0,0,12478.25,12542.75,short
IS,2023-02-15T00:00:00,,win,1.7935,1.7935,0,0,12544.25,12603.5,short
IS,2023-02-16T00:00:00,,loss,-1.0,-1.0,0,0,12827.75,12760.25,long
IS,2023-02-17T00:00:00,,win,1.8245,1.8245,0,0,12379.5,12450.0,short
IS,2023-02-20T00:00:00,,scratch,-0.4347,-0.4347,1,0,12423.75,12352.5,long
IS,2023-02-21T00:00:00,,loss,-1.0,-1.0,0,0,12380.75,12334.25,long
IS,2023-02-22T00:00:00,,loss,-1.0,-1.0,0,0,12163.75,12112.75,long
IS,2023-02-23T00:00:00,,win,1.7339,1.7339,0,0,12209.5,12164.5,long
IS,2023-02-24T00:00:00,,win,1.8651,1.8651,0,0,12121.25,12214.25,short
IS,2023-02-27T00:00:00,,loss,-1.0,-1.0,0,0,12049.5,12015.75,long
IS,2023-02-28T00:00:00,,loss,-1.0,-1.0,0,0,12162.0,12096.75,long
IS,2023-03-01T00:00:00,,win,1.8691,1.8691,0,0,12085.25,11989.25,long
IS,2023-03-02T00:00:00,,loss,-1.0,-1.0,0,0,11829.5,11950.25,short
IS,2023-03-03T00:00:00,,loss,-1.0,-1.0,0,0,11990.75,12057.5,short
IS,2023-03-06T00:00:00,,win,1.7561,1.7561,0,0,12335.0,12285.5,long
IS,2023-03-07T00:00:00,,loss,-1.0,-1.0,0,0,12387.75,12322.5,long
IS,2023-03-08T00:00:00,,loss,-1.0,-1.0,0,0,12222.75,12160.5,long
IS,2023-03-09T00:00:00,,win,1.8474,1.8474,0,0,12137.75,12219.5,short
IS,2023-03-10T00:00:00,,loss,-1.0,-1.0,0,0,12039.5,11942.0,long
IS,2023-03-13T00:00:00,,win,1.9101,1.9101,0,0,12220.0,12078.25,long
IS,2023-03-14T00:00:00,,loss,-1.0,-1.0,0,0,12017.75,12119.75,short
IS,2023-03-15T00:00:00,,loss,-1.0,-1.0,0,0,12390.5,12320.75,long
IS,2023-03-16T00:00:00,,win,1.8968,1.8968,0,0,12342.75,12465.75,short
IS,2023-03-17T00:00:00,,win,1.7256,1.7256,0,0,12746.25,12702.75,long
IS,2023-03-20T00:00:00,,win,1.8005,1.8005,0,0,12649.25,12710.75,short
IS,2023-03-21T00:00:00,,win,1.8608,1.8608,0,0,12766.25,12676.25,long
IS,2023-03-22T00:00:00,,loss,-1.0,-1.0,0,0,12915.25,12863.5,long
IS,2023-03-23T00:00:00,,win,1.7561,1.7561,0,0,12769.0,12719.5,long
IS,2023-03-24T00:00:00,,loss,-1.0,-1.0,0,0,12930.25,12820.0,long
IS,2023-03-27T00:00:00,,loss,-1.0,-1.0,0,0,12877.25,12928.25,short
IS,2023-03-28T00:00:00,,loss,-1.0,-1.0,0,0,12764.5,12823.0,short
IS,2023-03-29T00:00:00,,loss,-1.0,-1.0,0,0,12735.0,12791.25,short
IS,2023-03-30T00:00:00,,loss,-1.0,-1.0,0,0,12970.0,12936.25,long
IS,2023-03-31T00:00:00,,loss,-1.0,-1.0,0,0,13152.5,13125.5,long
IS,2023-04-03T00:00:00,,loss,-1.0,-1.0,0,0,13175.5,13236.25,short
IS,2023-04-04T00:00:00,,win,1.571,1.571,0,0,13226.75,13253.0,short
IS,2023-04-05T00:00:00,,win,1.6746,1.6746,0,0,13205.0,13241.0,short
IS,2023-04-06T00:00:00,,loss,-1.0,-1.0,0,0,13094.75,13018.25,long
IS,2023-04-07T00:00:00,,loss,-1.0,-1.0,0,0,13142.0,13161.5,short
IS,2023-04-10T00:00:00,,win,1.712,1.712,0,0,13108.5,13149.75,short
IS,2023-04-11T00:00:00,,loss,-1.0,-1.0,0,0,13185.25,13151.5,long
IS,2023-04-12T00:00:00,,win,1.712,1.712,0,0,13049.0,13090.25,short
IS,2023-04-13T00:00:00,,win,1.6862,1.6862,0,0,12987.0,12949.5,long
IS,2023-04-14T00:00:00,,win,1.6004,1.6004,0,0,13179.0,13207.5,short
IS,2023-04-17T00:00:00,,win,1.537,1.537,0,0,13198.0,13174.0,long
IS,2023-04-19T00:00:00,,win,1.6971,1.6971,0,0,13147.5,13186.5,short
IS,2023-04-20T00:00:00,,loss,-1.0,-1.0,0,0,13162.75,13133.5,long
IS,2023-04-21T00:00:00,,win,1.7659,1.7659,0,0,13056.25,13108.0,short
IS,2023-04-24T00:00:00,,loss,-1.0,-1.0,0,0,13080.5,13053.5,long
IS,2023-04-25T00:00:00,,win,1.5489,1.5489,0,0,13023.5,13048.25,short
IS,2023-04-26T00:00:00,,loss,-1.0,-1.0,0,0,13018.25,12978.5,long
IS,2023-04-27T00:00:00,,win,1.662,1.662,0,0,12970.5,12936.0,long
IS,2023-04-28T00:00:00,,loss,-1.0,-1.0,0,0,13187.5,13213.75,short
IS,2023-05-01T00:00:00,,loss,-1.0,-1.0,0,0,13282.0,13320.25,short
IS,2023-05-02T00:00:00,,loss,-1.0,-1.0,0,0,13334.75,13274.0,long
IS,2023-05-03T00:00:00,,loss,-1.0,-1.0,0,0,13152.0,13192.5,short
IS,2023-05-04T00:00:00,,win,1.7935,1.7935,0,0,13160.25,13101.0,long
IS,2023-05-05T00:00:00,,loss,-1.0,-1.0,0,0,13083.75,13112.25,short
IS,2023-05-08T00:00:00,,win,1.6746,1.6746,0,0,13333.0,13297.0,long
IS,2023-05-09T00:00:00,,loss,-1.0,-1.0,0,0,13361.25,13328.25,long
IS,2023-05-10T00:00:00,,loss,-1.0,-1.0,0,0,13256.0,13284.5,short
IS,2023-05-11T00:00:00,,loss,-1.0,-1.0,0,0,13392.0,13447.5,short
IS,2023-05-12T00:00:00,,win,1.7806,1.7806,0,0,13439.25,13494.75,short
IS,2023-05-15T00:00:00,,loss,-1.0,-1.0,0,0,13448.75,13357.25,long
IS,2023-05-16T00:00:00,,loss,-1.0,-1.0,0,0,13423.25,13465.25,short
IS,2023-05-17T00:00:00,,loss,-1.0,-1.0,0,0,13548.5,13502.75,long
IS,2023-05-18T00:00:00,,loss,-1.0,-1.0,0,0,13609.75,13640.5,short
IS,2023-05-19T00:00:00,,loss,-1.0,-1.0,0,0,13895.75,13935.5,short
IS,2023-05-22T00:00:00,,loss,-1.0,-1.0,0,0,13898.75,13851.5,long
IS,2023-05-23T00:00:00,,win,1.6338,1.6338,0,0,13973.0,13941.5,long
IS,2023-05-24T00:00:00,,win,1.7379,1.7379,0,0,13707.25,13753.0,short
IS,2023-05-25T00:00:00,,win,1.8846,1.8846,0,0,13934.5,13825.0,long
IS,2023-05-26T00:00:00,,win,1.9123,1.9123,0,0,14070.25,13924.75,long
IS,2023-05-29T00:00:00,,loss,-1.0,-1.0,0,0,14363.75,14417.75,short
IS,2023-05-30T00:00:00,,loss,-1.0,-1.0,0,0,14404.75,14383.75,long
IS,2023-05-31T00:00:00,,win,1.7072,1.7072,0,0,14375.5,14416.0,short
IS,2023-06-01T00:00:00,,loss,-1.0,-1.0,0,0,14162.75,14333.75,short
IS,2023-06-02T00:00:00,,win,1.5813,1.5813,0,0,14500.75,14473.75,long
IS,2023-06-05T00:00:00,,loss,-1.0,-1.0,0,0,14490.0,14538.0,short
IS,2023-06-06T00:00:00,,loss,-1.0,-1.0,0,0,14622.0,14572.5,long
IS,2023-06-07T00:00:00,,loss,-1.0,-1.0,0,0,14528.75,14594.75,short
IS,2023-06-08T00:00:00,,win,1.5602,1.5602,0,0,14312.75,14338.25,short
IS,2023-06-09T00:00:00,,loss,-1.0,-1.0,0,0,14508.0,14484.0,long
IS,2023-06-12T00:00:00,,loss,-1.0,-1.0,0,0,14792.25,14765.25,long
IS,2023-06-13T00:00:00,,win,1.4971,1.4971,0,0,15016.75,14995.0,long
IS,2023-06-14T00:00:00,,loss,-1.0,-1.0,0,0,15132.75,15091.5,long
IS,2023-06-15T00:00:00,,win,1.8773,1.8773,0,0,15111.75,15214.5,short
IS,2023-06-16T00:00:00,,loss,-1.0,-1.0,0,0,15290.0,15341.75,short
IS,2023-06-19T00:00:00,,loss,-1.0,-1.0,0,0,15247.25,15285.5,short
IS,2023-06-20T00:00:00,,win,1.6004,1.6004,0,0,15227.5,15256.0,short
IS,2023-06-21T00:00:00,,loss,-1.0,-1.0,0,0,15291.0,15258.0,long
IS,2023-06-22T00:00:00,,win,1.7167,1.7167,0,0,15000.0,15042.0,short
IS,2023-06-23T00:00:00,,win,1.5602,1.5602,0,0,15182.5,15208.0,short
IS,2023-06-26T00:00:00,,loss,-1.0,-1.0,0,0,15130.0,15075.25,long
IS,2023-06-27T00:00:00,,win,1.7417,1.7417,0,0,14912.0,14865.5,long
IS,2023-06-28T00:00:00,,loss,-1.0,-1.0,0,0,15071.25,15036.75,long
IS,2023-06-29T00:00:00,,win,1.6485,1.6485,0,0,15149.5,15182.5,short
IS,2023-06-30T00:00:00,,win,1.8345,1.8345,0,0,15184.0,15109.0,long
IS,2023-07-03T00:00:00,,win,1.6093,1.6093,0,0,15360.0,15330.75,long
IS,2023-07-04T00:00:00,,loss,-1.0,-1.0,0,0,15319.0,15348.25,short
IS,2023-07-05T00:00:00,,loss,-1.0,-1.0,0,0,15382.0,15340.0,long
IS,2023-07-06T00:00:00,,loss,-1.0,-1.0,0,0,15372.75,15333.75,long
IS,2023-07-07T00:00:00,,win,1.6971,1.6971,0,0,15204.75,15243.75,short
IS,2023-07-10T00:00:00,,win,1.7561,1.7561,0,0,15121.25,15170.75,short
IS,2023-07-11T00:00:00,,loss,-1.0,-1.0,0,0,15151.5,15203.25,short
IS,2023-07-12T00:00:00,,loss,-1.0,-1.0,0,0,15232.0,15271.0,short
IS,2023-07-13T00:00:00,,win,1.7212,1.7212,0,0,15515.0,15472.25,long
IS,2023-07-14T00:00:00,,win,1.6918,1.6918,0,0,15729.0,15690.75,long
IS,2023-07-17T00:00:00,,loss,-1.0,-1.0,0,0,15723.75,15669.75,long
IS,2023-07-18T00:00:00,,loss,-1.0,-1.0,0,0,15786.0,15826.5,short
IS,2023-07-19T00:00:00,,loss,-1.0,-1.0,0,0,15980.75,15953.0,long
IS,2023-07-20T00:00:00,,loss,-1.0,-1.0,0,0,15923.5,15870.25,long
IS,2023-07-21T00:00:00,,win,1.7379,1.7379,0,0,15617.0,15571.25,long
IS,2023-07-24T00:00:00,,loss,-1.0,-1.0,0,0,15616.5,15532.5,long
IS,2023-07-25T00:00:00,,win,1.7022,1.7022,0,0,15589.5,15549.75,long
IS,2023-07-26T00:00:00,,loss,-1.0,-1.0,0,0,15611.5,15642.25,short
IS,2023-07-27T00:00:00,,win,1.7627,1.7627,0,0,15721.5,15670.5,long
IS,2023-07-28T00:00:00,,loss,-1.0,-1.0,0,0,15647.75,15598.25,long
IS,2023-07-31T00:00:00,,loss,-1.0,-1.0,0,0,15927.25,15821.5,long
IS,2023-08-01T00:00:00,,loss,-1.0,-1.0,0,0,15900.5,15869.0,long
IS,2023-08-02T00:00:00,,win,1.8329,1.8329,0,0,15715.75,15790.0,short
IS,2023-08-03T00:00:00,,loss,-1.0,-1.0,0,0,15541.75,15481.0,long
IS,2023-08-04T00:00:00,,loss,-1.0,-1.0,0,0,15555.5,15499.25,long
IS,2023-08-07T00:00:00,,loss,-1.0,-1.0,0,0,15385.0,15434.5,short
IS,2023-08-08T00:00:00,,win,1.8897,1.8897,0,0,15365.0,15479.75,short
IS,2023-08-09T00:00:00,,win,1.769,1.769,0,0,15421.25,15368.75,long
IS,2023-08-10T00:00:00,,loss,-1.0,-1.0,0,0,15203.0,15236.0,short
IS,2023-08-11T00:00:00,,win,1.6485,1.6485,0,0,15232.75,15265.75,short
IS,2023-08-14T00:00:00,,loss,-1.0,-1.0,0,0,15000.0,15118.5,short
IS,2023-08-15T00:00:00,,win,1.9037,1.9037,0,0,15203.0,15335.0,short
IS,2023-08-16T00:00:00,,loss,-1.0,-1.0,0,0,15174.25,15102.25,long
IS,2023-08-17T00:00:00,,win,1.871,1.871,0,0,14985.0,14887.5,long
IS,2023-08-18T00:00:00,,loss,-1.0,-1.0,0,0,14818.0,14767.0,long
IS,2023-08-21T00:00:00,,loss,-1.0,-1.0,0,0,14627.5,14787.25,short
IS,2023-08-22T00:00:00,,win,1.8071,1.8071,0,0,15011.5,14947.75,long
IS,2023-08-23T00:00:00,,win,1.8263,1.8263,0,0,15061.75,14990.5,long
IS,2023-08-24T00:00:00,,win,1.772,1.772,0,0,15380.25,15327.0,long
IS,2023-08-25T00:00:00,,win,1.8329,1.8329,0,0,14797.25,14871.5,short
IS,2023-08-28T00:00:00,,loss,-1.0,-1.0,0,0,14920.5,15018.75,short
IS,2023-08-29T00:00:00,,loss,-1.0,-1.0,0,0,15126.75,15093.0,long
IS,2023-08-30T00:00:00,,loss,-1.0,-1.0,0,0,15497.25,15437.25,long
IS,2023-08-31T00:00:00,,win,1.571,1.571,0,0,15527.75,15501.5,long
IS,2023-09-01T00:00:00,,loss,-1.0,-1.0,0,0,15579.25,15542.5,long
IS,2023-09-04T00:00:00,,loss,-1.0,-1.0,0,0,15476.25,15537.0,short
IS,2023-09-05T00:00:00,,loss,-1.0,-1.0,0,0,15546.75,15488.25,long
IS,2023-09-06T00:00:00,,win,1.8028,1.8028,0,0,15465.75,15528.0,short
IS,2023-09-07T00:00:00,,win,1.7167,1.7167,0,0,15348.75,15390.75,short
IS,2023-09-08T00:00:00,,win,1.7455,1.7455,0,0,15301.25,15254.0,long
IS,2023-09-11T00:00:00,,loss,-1.0,-1.0,0,0,15461.25,15513.0,short
IS,2023-09-12T00:00:00,,loss,-1.0,-1.0,0,0,15701.0,15641.0,long
IS,2023-09-13T00:00:00,,win,1.7455,1.7455,0,0,15467.25,15514.5,short
IS,2023-09-14T00:00:00,,loss,-1.0,-1.0,0,0,15577.25,15601.25,short
IS,2023-09-15T00:00:00,,loss,-1.0,-1.0,0,0,15721.75,15673.0,long
IS,2023-09-18T00:00:00,,loss,-1.0,-1.0,0,0,15377.75,15418.25,short
IS,2023-09-19T00:00:00,,win,1.7298,1.7298,0,0,15383.0,15427.25,short
IS,2023-09-20T00:00:00,,loss,-1.0,-1.0,0,0,15391.75,15353.5,long
IS,2023-09-21T00:00:00,,loss,-1.0,-1.0,0,0,15058.25,15110.0,short
IS,2023-09-22T00:00:00,,win,1.8329,1.8329,0,0,14917.5,14843.25,long
IS,2023-09-25T00:00:00,,loss,-1.0,-1.0,0,0,14956.25,14887.25,long
IS,2023-09-26T00:00:00,,win,1.7256,1.7256,0,0,14841.5,14885.0,short
IS,2023-09-27T00:00:00,,win,1.8005,1.8005,0,0,14789.5,14728.0,long
IS,2023-09-28T00:00:00,,win,1.7022,1.7022,0,0,14751.75,14791.5,short
IS,2023-09-29T00:00:00,,win,1.6971,1.6971,0,0,14864.0,14825.0,long
IS,2023-10-02T00:00:00,,loss,-1.0,-1.0,0,0,15043.5,14963.25,long
IS,2023-10-03T00:00:00,,loss,-1.0,-1.0,0,0,15035.25,14972.25,long
IS,2023-10-04T00:00:00,,win,1.8526,1.8526,0,0,14617.5,14702.25,short
IS,2023-10-05T00:00:00,,loss,-1.0,-1.0,0,0,14873.0,14929.25,short
IS,2023-10-06T00:00:00,,loss,-1.0,-1.0,0,0,14825.5,14874.25,short
IS,2023-10-09T00:00:00,,loss,-1.0,-1.0,0,0,14932.75,15018.25,short
IS,2023-10-10T00:00:00,,loss,-1.0,-1.0,0,0,15164.25,15237.75,short
IS,2023-10-11T00:00:00,,loss,-1.0,-1.0,0,0,15315.0,15282.0,long
IS,2023-10-12T00:00:00,,loss,-1.0,-1.0,0,0,15390.25,15428.5,short
IS,2023-10-13T00:00:00,,loss,-1.0,-1.0,0,0,15362.5,15323.5,long
IS,2023-10-16T00:00:00,,win,1.7959,1.7959,0,0,15128.0,15188.0,short
IS,2023-10-17T00:00:00,,loss,-1.0,-1.0,0,0,15307.5,15276.75,long
IS,2023-10-18T00:00:00,,loss,-1.0,-1.0,0,0,15252.25,15185.5,long
IS,2023-10-19T00:00:00,,win,1.7778,1.7778,0,0,15002.5,15057.25,short
IS,2023-10-20T00:00:00,,loss,-1.0,-1.0,0,0,14914.25,14817.5,long
IS,2023-10-23T00:00:00,,loss,-1.0,-1.0,0,0,14731.25,14697.5,long
IS,2023-10-24T00:00:00,,loss,-1.0,-1.0,0,0,14682.75,14751.75,short
IS,2023-10-25T00:00:00,,win,1.7627,1.7627,0,0,14764.75,14815.75,short
IS,2023-10-26T00:00:00,,win,1.7806,1.7806,0,0,14293.5,14349.0,short
IS,2023-10-27T00:00:00,,loss,-1.0,-1.0,0,0,14330.0,14277.5,long
IS,2023-10-30T00:00:00,,loss,-1.0,-1.0,0,0,14372.25,14325.75,long
IS,2023-10-31T00:00:00,,win,1.769,1.769,0,0,14335.5,14388.0,short
IS,2023-11-01T00:00:00,,loss,-1.0,-1.0,0,0,14482.5,14439.0,long
IS,2023-11-02T00:00:00,,loss,-1.0,-1.0,0,0,14759.5,14814.25,short
IS,2023-11-03T00:00:00,,loss,-1.0,-1.0,0,0,14992.75,14947.75,long
IS,2023-11-06T00:00:00,,win,1.6746,1.6746,0,0,15203.75,15167.75,long
IS,2023-11-07T00:00:00,,loss,-1.0,-1.0,0,0,15262.0,15199.0,long
IS,2023-11-08T00:00:00,,loss,-1.0,-1.0,0,0,15382.5,15360.0,long
IS,2023-11-09T00:00:00,,win,1.7022,1.7022,0,0,15393.0,15353.25,long
IS,2023-11-10T00:00:00,,loss,-1.0,-1.0,0,0,15273.25,15231.25,long
IS,2023-11-13T00:00:00,,win,1.6485,1.6485,0,0,15518.25,15551.25,short
IS,2023-11-14T00:00:00,,win,1.6004,1.6004,0,0,15586.25,15557.75,long
IS,2023-11-15T00:00:00,,loss,-1.0,-1.0,0,0,15881.25,15914.25,short
IS,2023-11-16T00:00:00,,win,1.7627,1.7627,0,0,15823.75,15874.75,short
IS,2023-11-17T00:00:00,,loss,-1.0,-1.0,0,0,15910.75,15887.5,long
IS,2023-11-20T00:00:00,,loss,-1.0,-1.0,0,0,15835.75,15872.5,short
IS,2023-11-21T00:00:00,,loss,-1.0,-1.0,0,0,16143.0,16098.0,long
IS,2023-11-22T00:00:00,,win,1.4665,1.4665,0,0,15980.75,15960.5,long
IS,2023-11-23T00:00:00,,win,1.626,1.626,0,0,16076.25,16045.5,long
IS,2023-11-24T00:00:00,,win,1.6485,1.6485,0,0,16037.5,16070.5,short
IS,2023-11-27T00:00:00,,loss,-1.0,-1.0,0,0,15923.25,15986.25,short
IS,2023-11-28T00:00:00,,loss,-1.0,-1.0,0,0,15981.0,16009.5,short
IS,2023-11-29T00:00:00,,loss,-1.0,-1.0,0,0,16022.0,16086.5,short
IS,2023-11-30T00:00:00,,loss,-1.0,-1.0,0,0,16022.5,16052.5,short
IS,2023-12-01T00:00:00,,loss,-1.0,-1.0,0,0,15983.5,15951.25,long
IS,2023-12-04T00:00:00,,win,1.6805,1.6805,0,0,15950.25,15987.0,short
IS,2023-12-05T00:00:00,,win,1.7491,1.7491,0,0,15801.75,15849.75,short
IS,2023-12-06T00:00:00,,loss,-1.0,-1.0,0,0,16014.25,15963.25,long
IS,2023-12-07T00:00:00,,win,1.6338,1.6338,0,0,15791.75,15823.25,short
IS,2023-12-08T00:00:00,,loss,-1.0,-1.0,0,0,15983.5,16024.75,short
IS,2023-12-11T00:00:00,,loss,-1.0,-1.0,0,0,16036.0,16077.25,short
IS,2023-12-12T00:00:00,,loss,-1.0,-1.0,0,0,16439.75,16473.5,short
IS,2023-12-13T00:00:00,,loss,-1.0,-1.0,0,0,16625.0,16599.5,long
IS,2023-12-14T00:00:00,,loss,-1.0,-1.0,0,0,16887.25,16855.75,long
IS,2023-12-15T00:00:00,,win,1.7527,1.7527,0,0,16795.75,16747.0,long
IS,2023-12-18T00:00:00,,win,1.6338,1.6338,0,0,16851.25,16819.75,long
IS,2023-12-19T00:00:00,,loss,-1.0,-1.0,0,0,16901.0,16924.25,short
IS,2023-12-20T00:00:00,,loss,-1.0,-1.0,0,0,17055.5,17029.25,long
IS,2023-12-21T00:00:00,,loss,-1.0,-1.0,0,0,16781.5,16813.0,short
IS,2023-12-22T00:00:00,,loss,-1.0,-1.0,0,0,16863.5,16934.75,short
IS,2023-12-26T00:00:00,,win,1.6093,1.6093,0,0,17021.0,16991.75,long
IS,2023-12-27T00:00:00,,loss,-1.0,-1.0,0,0,17054.5,17086.75,short
IS,2023-12-28T00:00:00,,loss,-1.0,-1.0,0,0,17178.0,17132.25,long
IS,2023-12-29T00:00:00,,loss,-1.0,-1.0,0,0,17072.25,17109.0,short
IS,2024-01-02T00:00:00,,win,1.6862,1.6862,0,0,17001.0,17038.5,short
IS,2024-01-03T00:00:00,,loss,-1.0,-1.0,0,0,16682.0,16721.0,short
IS,2024-01-04T00:00:00,,loss,-1.0,-1.0,0,0,16534.25,16562.75,short
IS,2024-01-05T00:00:00,,win,1.7806,1.7806,0,0,16413.75,16469.25,short
IS,2024-01-08T00:00:00,,win,1.6684,1.6684,0,0,16464.75,16500.0,short
IS,2024-01-09T00:00:00,,loss,-1.0,-1.0,0,0,16810.75,16783.0,long
IS,2024-01-10T00:00:00,,loss,-1.0,-1.0,0,0,16869.75,16823.25,long
IS,2024-01-11T00:00:00,,win,1.7659,1.7659,0,0,17025.5,16973.75,long
IS,2024-01-12T00:00:00,,win,1.6971,1.6971,0,0,16960.5,16921.5,long
IS,2024-01-15T00:00:00,,loss,-1.0,-1.0,0,0,16919.25,16962.0,short
IS,2024-01-16T00:00:00,,loss,-1.0,-1.0,0,0,16954.25,16881.5,long
IS,2024-01-17T00:00:00,,win,1.6862,1.6862,0,0,16924.75,16962.25,short
OOS,2026-01-02T00:00:00,,win,1.8405,1.8405,0,0,25588.75,25510.75,long
OOS,2026-01-05T00:00:00,,win,1.8937,1.8937,0,0,25567.75,25448.5,long
OOS,2026-01-06T00:00:00,,loss,-1.0,-1.0,0,0,25686.0,25555.5,long
OOS,2026-01-07T00:00:00,,win,1.8263,1.8263,0,0,25763.75,25835.0,short
OOS,2026-01-08T00:00:00,,win,1.8513,1.8513,0,0,25760.25,25844.25,short
OOS,2026-01-09T00:00:00,,loss,-1.0,-1.0,0,0,25530.25,25679.5,short
OOS,2026-01-12T00:00:00,,win,1.9132,1.9132,0,0,25650.5,25797.5,short
OOS,2026-01-13T00:00:00,,loss,-1.0,-1.0,0,0,25843.5,25883.25,short
OOS,2026-01-14T00:00:00,,loss,-1.0,-1.0,0,0,25843.5,25924.5,short
OOS,2026-01-15T00:00:00,,loss,-1.0,-1.0,0,0,25516.75,25643.5,short
OOS,2026-01-16T00:00:00,,win,1.8488,1.8488,0,0,25831.25,25748.75,long
OOS,2026-01-19T00:00:00,,win,1.9188,1.9188,0,0,25293.75,25451.25,short
OOS,2026-01-20T00:00:00,,loss,-1.0,-1.0,0,0,25549.0,25360.75,long
OOS,2026-01-21T00:00:00,,loss,-1.0,-1.0,0,0,25099.75,25217.5,short
OOS,2026-01-22T00:00:00,,loss,-1.0,-1.0,0,0,25671.75,25552.5,long
OOS,2026-01-23T00:00:00,,loss,-1.0,-1.0,0,0,25750.5,25648.5,long
OOS,2026-01-26T00:00:00,,win,1.9531,1.9531,0,0,25846.0,25570.0,long
OOS,2026-01-27T00:00:00,,win,1.8028,1.8028,0,0,25957.75,25895.5,long
OOS,2026-01-28T00:00:00,,loss,-1.0,-1.0,0,0,26161.75,26228.5,short
OOS,2026-01-29T00:00:00,,loss,-1.0,-1.0,0,0,26334.75,26085.75,long
OOS,2026-01-30T00:00:00,,win,1.9196,1.9196,0,0,25774.75,25933.75,short
OOS,2026-02-02T00:00:00,,loss,-1.0,-1.0,0,0,25156.0,25637.5,short
OOS,2026-02-03T00:00:00,,loss,-1.0,-1.0,0,0,25873.0,25990.75,short
OOS,2026-02-04T00:00:00,,loss,-1.0,-1.0,0,0,25606.5,25375.5,long
OOS,2026-02-05T00:00:00,,win,1.9398,1.9398,0,0,24955.5,25169.25,short
OOS,2026-02-06T00:00:00,,win,1.9566,1.9566,0,0,24639.0,24340.5,long
OOS,2026-02-09T00:00:00,,loss,-1.0,-1.0,0,0,25171.25,25265.75,short
OOS,2026-02-10T00:00:00,,loss,-1.0,-1.0,0,0,25254.5,25342.25,short
OOS,2026-02-11T00:00:00,,loss,-1.0,-1.0,0,0,25363.25,25290.5,long
OOS,2026-02-12T00:00:00,,win,1.9082,1.9082,0,0,25381.25,25242.5,long
OOS,2026-02-13T00:00:00,,loss,-1.0,-1.0,0,0,25001.5,24730.0,long
OOS,2026-02-16T00:00:00,,loss,-1.0,-1.0,0,0,24899.0,24821.75,long
OOS,2026-02-17T00:00:00,,win,1.9132,1.9132,0,0,24679.25,24826.25,short
OOS,2026-02-18T00:00:00,,win,1.871,1.871,0,0,24806.75,24709.25,long
OOS,2026-02-19T00:00:00,,loss,-1.0,-1.0,0,0,25106.5,24939.25,long
OOS,2026-02-20T00:00:00,,loss,-1.0,-1.0,0,0,24820.5,24936.0,short
OOS,2026-02-23T00:00:00,,loss,-1.0,-1.0,0,0,24750.75,24882.75,short
OOS,2026-02-24T00:00:00,,loss,-1.0,-1.0,0,0,24900.0,24795.0,long
OOS,2026-02-25T00:00:00,,loss,-1.0,-1.0,0,0,25201.25,25062.5,long
OOS,2026-02-26T00:00:00,,win,1.9105,1.9105,0,0,25415.25,25272.75,long
OOS,2026-02-27T00:00:00,,loss,-1.0,-1.0,0,0,25103.25,24975.75,long
OOS,2026-03-02T00:00:00,,loss,-1.0,-1.0,0,0,25136.5,24772.0,long
OOS,2026-03-03T00:00:00,,win,1.9266,1.9266,0,0,24787.25,24962.0,short
OOS,2026-03-04T00:00:00,,loss,-1.0,-1.0,0,0,24364.5,24773.25,short
OOS,2026-03-05T00:00:00,,win,1.9486,1.9486,0,0,24966.25,25217.5,short
OOS,2026-03-06T00:00:00,,loss,-1.0,-1.0,0,0,25198.5,25038.0,long
OOS,2026-03-09T00:00:00,,loss,-1.0,-1.0,0,0,23913.25,24137.5,short
OOS,2026-03-10T00:00:00,,loss,-1.0,-1.0,0,0,25083.25,24925.75,long
OOS,2026-03-11T00:00:00,,loss,-1.0,-1.0,0,0,25150.25,25050.5,long
OOS,2026-03-12T00:00:00,,loss,-1.0,-1.0,0,0,24923.75,24768.5,long
OOS,2026-03-13T00:00:00,,win,1.8869,1.8869,0,0,24549.5,24661.25,short
OOS,2026-03-16T00:00:00,,loss,-1.0,-1.0,0,0,24633.0,24733.5,short
OOS,2026-03-17T00:00:00,,loss,-1.0,-1.0,0,0,24895.75,24811.75,long
OOS,2026-03-18T00:00:00,,win,1.7982,1.7982,0,0,25139.75,25079.0,long
OOS,2026-03-19T00:00:00,,loss,-1.0,-1.0,0,0,24716.25,24603.75,long
OOS,2026-03-20T00:00:00,,loss,-1.0,-1.0,0,0,24720.5,24590.0,long
OOS,2026-03-23T00:00:00,,loss,-1.0,-1.0,0,0,24239.0,23936.0,long
OOS,2026-03-24T00:00:00,,loss,-1.0,-1.0,0,0,24114.5,24326.75,short
OOS,2026-03-25T00:00:00,,win,1.8937,1.8937,0,0,24349.0,24468.25,short
OOS,2026-03-26T00:00:00,,loss,-1.0,-1.0,0,0,24227.5,24382.0,short
OOS,2026-03-27T00:00:00,,loss,-1.0,-1.0,0,0,23989.75,23805.25,long
OOS,2026-03-30T00:00:00,,win,1.9173,1.9173,0,0,23290.25,23135.75,long
OOS,2026-03-31T00:00:00,,win,1.974,1.974,0,0,23661.75,23160.0,long
OOS,2026-04-01T00:00:00,,loss,-1.0,-1.0,0,0,23839.25,24042.5,short
OOS,2026-04-02T00:00:00,,loss,-1.0,-1.0,0,0,23409.75,24240.0,short
OOS,2026-04-03T00:00:00,,win,1.836,1.836,0,0,24156.5,24232.25,short
OOS,2026-04-06T00:00:00,,loss,-1.0,-1.0,0,0,24106.25,24241.25,short
OOS,2026-04-08T00:00:00,,win,1.9387,1.9387,0,0,25256.75,25046.75,long
OOS,2026-04-09T00:00:00,,loss,-1.0,-1.0,0,0,25103.0,24980.75,long
OOS,2026-04-10T00:00:00,,loss,-1.0,-1.0,0,0,25330.5,25255.5,long
OOS,2026-04-14T00:00:00,,loss,-1.0,-1.0,0,0,25637.5,25571.5,long
OOS,2026-04-16T00:00:00,,loss,-1.0,-1.0,0,0,26498.0,26426.0,long
OOS,2026-04-21T00:00:00,,loss,-1.0,-1.0,0,0,26868.25,26812.0,long
OOS,2026-04-22T00:00:00,,loss,-1.0,-1.0,0,0,26854.75,26793.25,long
OOS,2026-04-23T00:00:00,,win,1.9119,1.9119,0,0,26917.75,27062.5,short
OOS,2026-04-28T00:00:00,,loss,-1.0,-1.0,0,0,27521.25,27450.0,long
OOS,2026-04-30T00:00:00,,win,1.8911,1.8911,0,0,27485.5,27601.75,short
OOS,2026-05-04T00:00:00,,loss,-1.0,-1.0,0,0,27981.75,27858.0,long
OOS,2026-05-05T00:00:00,,win,1.9091,1.9091,0,0,27908.25,27768.0,long
OOS,2026-05-07T00:00:00,,win,1.8831,1.8831,0,0,28746.0,28638.0,long
OOS,2026-05-12T00:00:00,,win,1.944,1.944,0,0,29161.75,29392.0,short
OOS,2026-05-14T00:00:00,,win,1.8924,1.8924,0,0,29564.0,29681.75,short
OOS,2026-05-15T00:00:00,,win,1.961,1.961,0,0,29359.25,29691.5,short
OOS,2026-05-19T00:00:00,,loss,-1.0,-1.0,0,0,28775.75,29095.25,short
OOS,2026-05-21T00:00:00,,loss,-1.0,-1.0,0,0,29446.0,29221.0,long
OOS,2026-05-22T00:00:00,,loss,-1.0,-1.0,0,0,29452.5,29579.25,short
